2925
above 1646 1333 193 2239 950
absence 381 2024 79 2375 2621
absolute 2234 80 621 2206 164
abstract 2696 1226 1765 397 1648
abstraction 538 1197 1493 591 1852
abstracts 2697 1639 2413 2368 1226
ac 2760 2913 137 2515 1957
academic 2917 1055 2365 2061 2614
accelerate 9 2787 270 487 2189
accelerated 10 8 2189 1293 2190
acceleration 9 2190 2187 1719 29
acceptable 79 20 494 2688 1886
acceptance 1394 1415 838 1921 1067
accepted 2625 42 295 980 1360
accessed 1987 212 1311 17 1743
accessibility 794 838 2278 278 2760
accessible 840 1126 1349 1077 1654
accessing 1872 14 2388 745 342
accommodate 286 2859 2719 1133 2762
accomplished 2781 1681 336 1721 2201
accordingly 456 919 2737 414 538
account 2637 2638 2639 2640 2010
accurately 1471 2010 2404 2011 461
achieves 404 2179 895 2667 1325
achieving 2517 1125 1542 2897 602
acid 117 273 181 189 1919
acquire 82 10 334 2762 1908
acquired 844 285 2353 1720 2628
acquisition 2859 2449 844 1720 2450
acquisitions 2859 1942 2435 1225 1227
act 1382 1245 2091 2747 663
action 32 1024 1150 1154 1345
actions 31 1758 1211 1804 1150
activation 1342 1635 1525 1170 894
active 2717 1350 885 215 1372
actively 1480 55 2441 564 771
activities 1953 2566 359 1139 439
activity 1953 2450 2193 1538 336
actual 618 417 197 1495 1423
acute 1732 2111 2559 2611 362
ad 1253 113 700 1042 2328
adapt 258 1116 521 648 1478
adaptable 13 2903 1039 1935 2100
adaptation 362 981 58 2499 1145
adapted 1093 2667 493 2730 1479
adapting 46 834 1049 169 1554
adaptive 2777 1223 45 582 834
add 2634 2761 1716 1946 1328
added 1083 1374 1278 382 466
adding 643 633 135 2095 662
additionally 52 161 1718 2205 1745
addressed 714 1783 2245 1285 807
addresses 2494 2371 2554 86 50
addressing 2480 2272 2060 875 1325
adequate 1226 1968 1291 2680 961
adequately 35 260 898 2245 15
adherence 2361 2106 394 951 1820
adjusted 1258 234 2619 1100 2444
adjustment 1711 2883 43 816 975
administration 1104 1636 1737 1273 768
administrative 1969 1943 312 1478 2309
adopt 2572 2636 2078 20 862
adopted 745 2225 921 647 2350
adopting 2475 697 1145 1266 1531
adoption 2894 1212 2509 2078 300
adults 1815 386 78 980 1740
advance 1232 562 1357 2619 1759
advanced 738 904 1508 441 328
advancement 320 1361 2922 443 883
advances 661 2653 1172 576 1171
advantage 2637 2640 1423 2825 2639
advantages 767 2200 1089 1891 1528
adverse 959 2159 960 2336 346
advice 664 1046 2916 2017 2466
affect 2239 533 2028 2286 2818
affected 2188 678 2889 2436 2358
affecting 563 2888 1394 1253 438
against 1188 2642 1001 864 1666
age 386 1159 1984 65 1622
aged 218 311 2901 1450 11
agencies 1230 1142 868 2 2307
agency 360 1556 2758 195 1141
agent 83 532 229 1541 2205
agents 82 2736 1390 162 2738
aggregate 86 1068 1459 1389 1341
aggregated 86 2716 319 1821 2596
aggregation 85 84 1239 2300 52
agree 1751 2764 1747 2014 2562
agreement 1395 1626 138 137 1188
aid 209 2857 2224 712 2668
aided 314 1583 741 1582 349
aids 620 2034 663 2214 1310
aimed 748 2186 586 1230 955
aiming 1175 1810 236 2749 389
aims 2546 539 2262 714 1507
al 949 612 777 1616 1787
alert 320 2468 1396 683 1272
align 99 2120 1153 2709 2496
aligned 1585 830 444 2347 761
alignment 97 100 282 2206 1616
alignments 1848 1952 966 1059 191
alleviate 823 1751 777 1747 834
allied 641 394 1786 158 1800
allocation 281 1486 566 101 2631
allowed 2375 1 2039 2791 704
allowing 1137 2594 242 857 2816
almost 1218 1979 618 2615 1516
alone 2531 1541 2542 393 2405
along 1572 1944 1085 557 832
already 551 2820 721 2166 270
alternative 474 2001 2293 983 2267
alternatives 2599 990 1674 3 761
always 1905 2580 1411 607 596
alzheimer 40 1488 1434 326 837
amazon 418 2922 2476 204 2348
ambiguous 2405 2279 2211 894 524
american 443 201 2363 644 850
amino 25 488 273 1919 2093
amongst 872 2390 2683 1190 2216
amounts 2828 1607 1266 2653 652
amp 1943 2300 396 2128 1362
analyse 1262 954 1276 1804 1730
analysed 218 2671 1344 1161 1724
analytic 125 2853 1434 1032 458
analytical 1768 1686 1080 327 1226
analytics 2500 1396 2853 2443 123
analyze 2548 356 1400 1399 2226
analyzing 1591 801 125 2856 1606
anatomical 207 129 2815 294 2394
anatomy 128 2189 1240 2073 207
angle 2520 2152 736 29 947
animal 132 2859 1942 157 430
animals 131 430 1681 2353 590
annotate 136 137 1472 1847 2120
annotated 136 1041 603 1570 1593
annotating 136 49 398 730 1451
annotation 137 134 133 1169 1171
annotations 136 1169 133 1185 1171
annotators 1662 1273 1511 2622 2807
anonymized 2418 1603 232 504 1278
another 1403 1805 1100 82 1600
answer 2122 144 143 2134 142
answered 185 141 2923 143 144
answering 2122 144 141 2423 142
answers 186 2122 141 143 2739
apache 1588 1816 2523 1451 2651
api 1451 2070 1404 2493 1598
apparent 429 757 2660 2520 844
appear 151 2749 2278 2747 1222
appearance 692 1568 1087 2541 2841
appeared 2878 1963 2738 1468 1712
appears 148 481 2239 964 1806
applicability 600 153 1456 1719 2859
applicable 2384 2621 152 411 206
applies 2047 1966 248 933 966
apply 2488 2049 174 484 496
applying 2073 636 948 2601 2472
appraisal 158 1103 1431 636 131
appraised 636 157 2227 2390 102
appropriate 2399 2005 2408 2708 1749
appropriately 982 1561 1777 1781 147
approval 1376 286 532 2792 2205
approved 532 1104 829 460 2318
approximate 984 2830 1885 953 556
approximately 2917 2 122 1660 2213
approximation 1829 181 2253 1787 2524
arbitrary 657 143 1615 1661 364
archetypes 1442 890 2656 1283 1872
architectural 1107 860 169 1560 46
architectures 1293 46 682 114 168
archive 1879 1958 745 1683 630
archived 301 430 173 1827 1879
archives 1230 511 170 2823 200
archiving 1958 1879 745 462 2130
area 645 2176 2571 2408 1825
areas 2705 174 754 2571 188
argue 2599 260 1819 19 56
arise 672 1950 1382 1743 755
arising 2709 964 2898 1656 701
around 2006 389 2062 1870 2027
array 2067 1151 1121 1661 2762
arrays 693 165 1526 2719 180
art 1864 2456 1612 2179 1497
artifacts 1193 2675 1795 2520 2463
artificial 1755 1307 2318 430 1389
ask 142 1178 2923 1576 1880
asked 144 2122 1897 1955 141
aspect 2739 2448 2079 186 758
aspects 627 1166 1172 175 2212
assay 1152 1957 2687 2374 1089
assembled 2209 306 2686 807 1933
assembly 100 275 2315 1323 447
assess 2378 194 193 2445 2877
assessed 2445 2378 0 2510 192
assessing 2319 192 1334 855 2186
assessments 1882 1656 2621 81 598
assigned 2135 2341 2368 2370 1626
assignment 198 958 38 222 20
assignments 197 2334 2861 1415 644
assist 643 2490 2310 2179 400
assisted 2369 1542 2325 970 2865
association 116 202 772 1169 2232
associations 201 423 772 1803 1185
assume 1756 2739 2223 2524 2552
assumed 1937 114 1116 290 1714
assumption 1673 2553 2262 1604 2386
assurance 1456 2554 2129 1818 1311
atlas 128 1470 1144 1619 992
atomic 1105 1664 867 1078 1710
attempt 2446 89 1673 1954 177
attempts 978 1230 2201 8 626
attention 213 1149 2580 2115 1564
attitudes 2645 257 1378 2615 2565
attracted 211 1107 1564 760 297
attribute 215 2617 235 633 540
attributes 214 2856 34 2265 1445
augmented 2168 616 727 497 1510
australia 2383 322 218 1418 2768
australian 79 1643 217 663 2527
authentication 2385 2384 717 876 2360
author 2362 2697 396 1455 812
automate 223 2274 597 1509 2136
automating 2905 872 197 677 885
automation 221 405 1771 1367 2690
availability 2537 2908 1172 576 724
averaged 1662 1611 768 816 1511
avoid 1857 271 2652 1470 788
aware 1293 521 1587 1218 1092
awareness 2651 577 2788 2744 1514
axial 2864 1227 2351 82 2319
axis 544 2352 2118 1091 337
b 313 2067 651 1121 1151
back 139 2188 966 1133 1278
background 590 1837 1769 992 781
bag 2900 692 2899 1427 2883
balance 214 1480 874 101 236
balanced 93 235 1325 874 2610
balancing 1543 1638 1229 2462 1842
bandwidth 806 2715 657 566 1485
bank 2521 639 1235 479 1060
barrier 2322 679 1630 2618 2654
barriers 1897 1836 1901 1978 2383
base 105 2171 1362 2426 584
baseline 2739 1803 2895 1778 2818
bases 2187 2496 2153 1023 487
basic 1554 1745 1137 1355 1948
basis 1920 1523 2452 895 2542
bayesian 1520 2045 2042 2047 1343
beam 817 1966 2129 1697 1990
become 1321 1982 1728 1166 1823
becomes 2427 560 1321 2346 2867
becoming 2759 1321 2142 2354 2523
bedside 1273 1349 279 2731 1386
before 1626 999 2313 656 418
beginning 915 694 2101 2868 968
behavior 257 2388 212 1005 2615
behavioral 1394 2533 2615 2284 2555
behaviors 2615 255 212 564 2388
behaviour 2388 1004 2441 41 1688
behind 454 2628 2387 1790 551
believe 2622 607 55 176 1361
benchmark 1461 1527 2179 635 1372
beneficial 1211 1915 1951 488 1280
benefit 264 1418 2122 48 2374
benefits 263 1418 993 996 1955
besides 2680 880 55 272 554
beyond 1718 1024 2126 1467 921
bias 1417 874 1309 2306 2308
biased 560 616 1729 2205 1027
bibliographic 874 1668 1639 1327 2108
big 935 300 8 317 1017
binary 893 2915 281 1913 2317
bind 1299 395 2207 527 1397
binding 2718 2454 117 2371 25
bio 2558 297 2511 1173 472
biochemical 1912 191 679 2558 1122
bioinformatics 2690 2420 1166 1745 2903
biologically 2541 2452 1757 2153 616
biologists 1166 15 1952 1168 791
biology 252 1386 1273 1701 1349
biomedicine 2661 1512 1322 538 905
bit 395 103 493 2149 2435
blast 1745 1594 2427 1952 1780
block 284 744 528 820 1170
blocks 283 1564 1144 1121 2725
blood 2031 336 27 1193 1227
board 1376 18 161 2719 2762
body 2280 27 1572 2897 1681
books 387 2124 443 131 2565
boolean 2298 2306 257 1113 986
bound 2787 984 1688 204 479
boundaries 2393 2394 2695 1709 2669
boundary 2517 2412 645 969 1461
box 2342 790 1696 1423 56
brain 757 1720 1719 2218 128
breadth 707 2538 13 1642 2114
breast 323 324 1583 1582 90
bridge 1149 1113 1150 213 1107
brief 1425 781 1244 2292 2443
briefly 2377 2556 2875 508 2082
bring 270 2645 2706 1236 64
bringing 2703 171 786 8 1236
brings 1787 1383 295 344 903
broad 1739 2367 803 2289 2321
broader 771 964 836 2105 337
browser 307 2844 2478 1169 306
browsers 2209 190 305 1469 2718
browsing 305 2094 2478 2121 1169
build 2143 1108 404 2270 1971
building 69 310 1125 744 1248
built 2786 1847 647 309 2704
burden 79 348 995 1466 1020
business 1958 580 918 1389 1435
c 231 651 456 340 2128
cad 90 349 1583 324 1058
calculate 736 118 317 2184 1441
calculated 610 750 1572 2408 1719
calculating 2849 315 2012 273 995
calculation 319 1692 817 1568 977
calculations 2266 318 817 2371 977
call 68 1850 96 1120 1361
camera 1040 444 333 335 1965
canada 620 2792 2773 619 217
cancer 296 324 1374 2750 1568
cancers 1583 1582 296 2473 2608
candidate 944 2154 2338 1197 1602
candidates 490 384 113 954 2558
cannot 766 2002 2043 2232 124
capabilities 1171 418 169 2426 2605
capability 1838 2879 1986 652 145
capable 2192 1755 2584 550 1223
capacity 1435 1644 2470 1364 2548
capture 335 960 439 551 2528
captured 321 764 335 206 2113
captures 1354 616 26 1177 2634
capturing 321 332 333 1530 2540
cardiac 1228 337 843 285 831
cardiovascular 336 1228 2568 843 2573
careful 1084 322 2314 1968 539
carefully 1555 2458 2695 1238 1227
carried 313 1237 663 1234 970
carry 2778 1420 2223 2646 1221
catalog 1255 1327 921 17 2164
categories 345 1083 2404 2055 1418
categorized 2367 2491 186 2909 302
category 343 1240 544 2916 1289
cause 72 2158 347 2336 2159
caused 346 348 1670 866 2861
causes 1973 347 79 2094 2159
cbir 314 1583 2130 90 1958
cda 1252 1141 1442 1409 1650
cell 352 353 1022 1715 2236
cells 351 353 1774 1546 1602
cellular 351 352 1657 990 2915
center 356 2775 1186 323 1576
centered 913 921 1650 500 1370
centers 354 2807 1986 1260 2613
central 2198 1455 2049 939 2043
centralized 1434 1009 2438 2258 1369
centre 360 955 2034 2129 36
centres 359 955 81 2023 1642
centric 2328 2095 1981 1620 6
cerebral 615 2559 2311 530 678
certain 1995 566 1708 2693 2329
chain 365 1604 2067 2654 2158
chains 364 1946 2561 1256 1012
challenging 2259 261 2146 1928 2248
change 369 655 515 1139 1416
changed 695 1724 2168 2275 694
changes 367 1891 1705 2885 2791
changing 1861 2853 2347 38 2362
channel 372 2732 2176 1834 2449
channels 371 395 2719 2112 29
chapter 1960 1018 780 1605 454
character 1075 1247 2624 2046 291
characteristic 2176 1582 1825 645 2318
characterization 713 1367 1613 2015 2669
characterize 2722 405 1710 1997 802
characterized 2506 2210 385 472 2304
characterizing 1718 667 1122 844 352
charge 1919 2160 2872 1440 2654
chart 1 2352 435 1484 1949
check 2375 2621 2735 48 206
checking 2038 562 2483 2916 1157
chemical 490 385 1702 1943 1701
chemistry 384 639 1702 1710 1566
children 1916 78 65 980 336
chinese 288 393 907 386 1466
choice 608 719 2324 1983 870
choices 431 1175 2223 2864 2898
choosing 2504 1436 2405 405 1438
chosen 467 2214 1731 1337 1409
chronic 503 2111 2808 782 2350
ci 1414 519 2134 387 2086
cinahl 874 2106 102 641 2361
circuits 372 1553 281 272 1151
citation 397 398 1455 1454 220
citations 396 1639 2697 398 1455
cited 396 397 1454 1455 1311
class 400 2285 2340 2704 1666
classes 399 716 384 795 2363
classical 953 2119 1772 492 1673
classified 506 1923 2302 1651 1653
classifier 404 2617 2829 1570 1099
classifiers 403 1571 2829 633 2717
classify 403 2510 1890 377 223
classifying 2417 2241 2510 1937 2421
clear 2487 2144 2606 2186 2885
clearly 2643 2282 177 341 746
client 2426 2448 2253 1136 305
clinic 414 2532 2246 455 872
clinically 285 1227 2314 153 431
clinician 413 2004 896 548 683
clinicians 412 1860 144 1897 1417
clinics 410 2363 20 212 1924
close 2165 1426 1790 2570 411
closed 1561 2089 552 865 543
closely 2455 100 432 2561 38
cloud 114 1352 686 2385 2043
cluster 420 421 2830 721 1889
clustering 419 421 2780 2830 2399
clusters 420 419 2780 428 432
cm 2618 2654 826 1566 1680
co 1803 202 2224 2248 1640
cochrane 2308 874 2378 2134 2745
code 427 447 428 1077 1451
coded 428 2858 968 1463 1360
codes 1279 428 425 2663 441
coding 427 425 421 1430 426
coefficient 147 2660 757 610 2882
coefficients 132 2681 171 621 2150
cognitive 389 2878 1959 1897 2146
coherence 2700 2253 2695 934 2085
coherent 1834 806 1072 1158 1698
cohort 2090 1376 2305 621 1274
cohorts 997 1318 381 1178 2645
collaboration 437 1055 424 1408 2437
collaborative 436 2437 2074 2918 892
collect 2409 2610 1434 2220 1578
collected 440 332 1260 36 438
collecting 439 1854 139 1290 161
collections 427 450 809 862 2258
collectively 1947 1173 1949 2790 1632
college 116 1898 446 68 1361
color 445 321 2840 1457 2514
colors 444 1247 2473 1695 715
column 2352 443 628 2513 1576
com 1189 2913 425 2790 1077
combination 959 450 453 716 449
combinations 2457 1401 1446 2811 1639
combine 448 453 441 1144 2293
combined 1866 1666 5 960 2664
combines 873 1511 2622 1244 2667
combining 450 448 2013 1776 514
comes 259 1647 2 373 1605
coming 1453 1588 1818 2323 2759
command 1527 821 313 700 20
comments 743 1243 2004 877 2512
commercial 1679 2034 464 123 2635
commission 1141 955 1019 1874 1973
committee 162 942 1975 1142 116
commonly 22 973 2601 1455 1539
communications 745 2634 1958 1879 173
communities 1761 1977 2304 544 1957
compact 783 2081 2789 760 1261
comparable 1593 759 2167 1099 88
comparative 1952 2506 2236 966 1166
compares 1689 391 695 1979 1983
comparing 2275 2744 469 405 1639
comparisons 2573 2371 1495 2830 432
competency 644 2645 842 2565 2649
competitive 1042 628 799 1787 995
compiled 1783 1104 571 1753 490
complement 2869 93 1585 2748 1378
complementary 110 1663 785 2877 1174
complete 1100 2528 724 2607 60
completed 1897 2123 2614 1638 513
completely 2904 443 1178 2486 43
completeness 1174 3 2808 2838 1651
complexes 239 911 1262 2092 639
complexity 496 2272 2434 2264 673
compliance 2225 1245 1502 2778 1369
compliant 921 933 1252 1353 580
complicated 1615 1089 1156 2056 2137
component 2038 2329 1041 485 809
components 924 1737 484 550 1749
composed 1644 1420 1491 163 313
composite 786 608 8 42 55
composition 117 1919 262 385 25
compound 490 1122 2644 384 1250
compounds 489 384 829 2374 326
comprehensively 2094 2159 1771 2158 479
compressed 2406 2500 2681 493 2190
compression 492 281 2841 895 2915
comprises 11 2289 482 129 1866
comprising 1038 2557 2839 2143 1039
computation 2461 480 1064 2485 1644
computationally 995 1194 1222 2011 1965
compute 783 1152 1889 314 1089
computed 2700 640 2130 2355 817
computerized 2336 1959 355 665 927
computers 1934 1148 2566 834 1682
computes 1251 1582 2396 821 149
conceptual 931 392 1938 602 2471
concern 2210 2011 139 771 961
concerned 2737 2747 1323 739 1467
concerning 951 402 584 2466 1356
concerns 2132 2043 2017 2154 1245
conclude 1054 2085 1596 1335 1342
concluded 1046 1915 2714 2780 2405
conclusion 2648 1706 1264 2275 1997
conclusions 825 2106 394 267 1652
concrete 1054 588 2099 739 1917
condition 2495 1677 515 934 2143
conditional 633 2133 1273 1662 1042
conditions 513 2036 1918 2904 937
conduct 517 2806 1853 2184 2838
conducting 2308 1656 424 2373 516
conference 2481 769 2026 872 1230
confidence 1414 393 2408 2134 2472
confidentiality 2385 921 2868 2091 481
configuration 2359 542 305 1092 227
configurations 1512 2844 1204 761 817
confirm 700 2159 2739 2871 1012
confirmed 1681 1000 1272 788 2866
conjunction 1896 931 47 1147 312
connect 1276 1048 2796 189 2048
connected 2796 272 395 526 2349
connection 283 530 1485 529 721
connections 1757 2158 528 1712 630
connectivity 615 757 362 1138 2193
consensus 518 676 2306 394 1787
consent 1351 162 82 1245 2318
consequence 1205 1677 74 1490 1990
consequences 1730 2186 612 1833 1724
consequently 2490 788 2349 238 1768
consider 1656 511 267 144 1033
considerable 680 1635 1218 2758 2191
considerably 20 280 4 1803 2040
consideration 2640 1294 1899 2294 94
considerations 560 214 1401 1492 1098
considered 424 2887 1906 2842 1823
considering 521 1486 576 2093 1325
considers 416 1208 947 1356 1368
consist 230 2824 2914 345 2136
consisted 2457 186 229 2849 240
consistency 2223 2471 1407 2404 295
consistent 1591 2374 2224 1426 77
consistently 1361 2922 2923 412 2701
consisting 1997 559 1583 1511 1678
consists 485 330 2529 904 875
consortium 1408 928 792 2121 1265
constant 971 416 2323 1810 2254
constantly 2517 1850 353 1653 2061
constitute 2892 1170 2712 2454 1943
constrained 557 1837 20 1160 2659
constraint 788 2891 557 2046 1086
constraints 556 555 1837 2891 2261
construct 1966 128 936 2770 207
constructed 2199 549 1219 1639 196
constructing 268 540 760 297 1401
construction 857 78 2419 2454 421
consultation 1830 879 1232 383 66
consumer 76 564 2878 2474 1394
consumers 257 563 2388 2103 35
consuming 1593 1393 1002 1401 2679
consumption 902 2409 1768 1878 238
contact 1790 383 1459 2287 1177
contain 569 1035 2310 2626 995
contained 568 2257 570 731 1057
containing 569 1796 2577 2173 1393
contains 2092 472 1059 2564 2913
contemporary 1724 878 2383 1299 735
contents 2094 826 890 2753 2165
contexts 2656 2709 1623 2899 1284
contextual 2333 2739 2633 618 1278
continue 2742 69 2538 224 2432
continued 228 643 998 1435 1850
continues 66 2759 2599 8 382
continuing 2504 2867 1378 7 2782
continuity 586 312 482 1854 2130
continuous 1837 1704 1581 1954 1303
continuously 720 46 198 1856 687
contrast 2628 2700 2277 2112 1720
contribute 1918 2109 506 1417 307
contributes 621 2103 1790 808 522
contributing 580 911 2884 92 1554
contribution 2350 1574 2054 1976 2573
contributions 1103 2497 512 1232 2724
controlling 247 1969 1154 869 2543
controls 1227 233 362 2859 132
convenient 977 1247 314 1283 1460
conventional 2277 2498 759 1944 2149
convergence 1116 2488 1619 826 2223
conversion 1290 2569 2402 595 1809
converted 2515 2089 1661 594 1380
cooperative 1903 1910 2099 386 566
coordinate 1030 2703 783 1759 1974
coordinated 2761 1401 2715 1584 195
coordinates 2819 2856 1174 893 1027
cope 783 152 1759 1787 2254
core 869 939 2770 2699 2276
corpora 603 1647 2667 924 1775
corpus 602 2412 2667 134 1647
correct 2145 1144 607 731 1085
corrected 1594 2144 285 1277 750
correction 1756 1698 2667 2073 700
correctly 260 2562 732 1414 604
correlate 388 362 487 2342 611
correlated 610 611 429 2562 1335
correlation 609 429 611 2128 316
correlations 610 609 207 2751 608
correspond 2342 2427 1318 95 949
correspondence 1673 934 1719 1204 2387
corresponding 1699 2013 1166 130 1528
cortical 530 362 1756 2681 1726
costly 2764 268 1290 1711 2377
costs 2764 1223 418 30 619
count 2922 621 1845 2561 430
countries 620 322 2908 860 2034
country 322 619 91 907 2773
counts 618 430 1482 585 881
coupled 1177 2853 838 905 2608
course 1706 2503 2429 2616 1055
cover 482 2890 659 2412 1107
coverage 1110 2663 2662 1150 295
covered 790 2916 746 971 1232
covering 2876 2888 2710 2739 1312
covers 446 1748 471 1005 1267
create 724 2534 438 2259 1654
creates 1879 170 2832 529 2131
creating 632 1377 1465 847 276
creation 631 1352 437 892 2606
crf 514 2617 404 1662 214
criteria 1309 2745 871 1651 1860
criterion 2709 2398 247 2540 261
critically 158 157 2472 2068 144
cross 2381 2811 1099 2602 610
crucial 1973 1864 22 1438 2458
crystal 1256 239 2872 1235 2654
ct 2479 2700 499 2355 817
cumulative 102 394 1776 158 2204
curated 1460 1593 643 1171 2258
curation 49 642 199 1989 577
curriculum 470 842 1538 2566 116
curve 2318 2176 375 1825 174
curves 2318 645 1661 2785 1457
custom 2633 2632 843 180 1736
customize 1032 1974 2274 1028 1513
customized 2074 1712 2796 970 598
cycle 2081 1608 189 1038 1018
d 313 231 1755 372 1788
daily 2621 1484 1526 1264 2033
dataset 1035 423 1570 1284 936
date 1458 1550 1126 1639 2313
day 963 661 367 1120 1761
days 1848 1263 100 1217 1705
db 2067 1121 1661 1151 2719
de 2043 2154 2698 1126 400
deal 214 624 1527 2537 1199
dealing 2667 1810 2639 1742 2161
decade 1484 69 1653 794 2189
decades 2883 49 777 1484 273
december 1450 2309 218 394 1806
decide 2323 73 1921 692 2286
decisions 1351 500 1361 1437 2477
decomposition 1156 1160 1115 1045 2660
decrease 1217 379 2559 2695 2383
decreased 1356 2037 2459 974 119
decreasing 162 2818 1817 286 2044
dedicated 180 2225 784 2719 2762
deep 2111 728 691 1709 926
deeper 177 1700 256 272 1153
define 2509 2663 2259 2272 1654
defines 868 745 933 2832 2479
defining 676 1874 1240 2656 2663
definition 677 675 531 1092 1006
definitions 676 1874 1106 2403 1409
deformation 1247 2218 2436 2494 1659
degradation 240 275 2195 2194 1956
degree 537 1345 872 315 1309
delay 1878 1767 371 1755 2409
deliver 683 1133 169 2103 972
delivered 685 682 1898 1294 412
delivering 2565 470 842 1587 2569
delivery 683 1860 619 2775 1968
demand 418 1149 1888 2269 2420
demands 1522 1066 532 771 1311
demographic 2817 1815 974 2614 1101
demonstrates 2739 1065 2329 647 1172
demonstrating 1065 1657 404 1888 423
demonstration 1697 1157 671 1299 1039
dense 234 1086 2780 149 1839
density 181 1420 1769 2190 2234
dental 695 1844 1458 1055 1375
dentistry 694 368 735 951 2598
department 879 1724 697 1067 1260
departments 2411 696 879 2613 63
depend 1291 1896 2047 1730 1402
dependence 1630 2859 2353 429 1618
dependency 456 2412 2188 1942 523
dependent 1755 2476 2318 2864 645
depending 1456 1466 2826 2357 2007
depends 1405 1522 1697 2162 1356
deployed 1352 1362 2121 743 788
deployment 1435 1830 652 2297 2553
deposited 2616 1664 1105 867 495
depth 295 1061 970 517 1095
derive 1000 1604 1855 1922 2809
derived 2092 1135 2809 2810 775
described 1749 1849 779 2092 2272
describing 712 2098 871 2306 1874
description 2153 713 1847 1554 89
descriptions 712 1948 376 146 2668
descriptive 1159 1286 1307 2193 2158
descriptor 716 1427 2680 445 953
descriptors 715 1427 234 2436 2883
designing 219 566 2252 1574 117
designs 1416 964 2903 1810 95
desirable 2777 388 1496 1094 311
desired 582 950 2739 1421 2293
desktop 419 2896 2297 528 2346
despite 2918 2582 2546 1802 241
detail 386 1873 1996 866 724
detailed 629 224 1308 2092 475
details 1967 128 793 1361 927
detect 728 727 937 1058 754
detected 726 1551 2193 216 1582
detecting 726 1395 2252 1420 671
detector 2152 2119 971 2073 1427
determination 881 1989 135 871 2012
determine 2887 1639 1859 1455 604
determined 2086 607 499 2557 2280
determining 1160 1778 730 1315 403
developers 1435 276 1235 2184 2616
developments 695 1024 1104 1125 1301
deviation 1732 1991 1680 1681 130
device 738 1644 321 2353 444
devices 1682 737 2410 2897 2409
diabetes 1872 890 1442 994 167
diagnoses 1057 1504 2130 1860 842
diagnosis 742 90 1582 2130 2700
diagnostic 741 2700 2510 2408 2355
diagram 744 1833 457 2673 791
diagrams 743 283 1239 1460 843
dicom 462 1879 173 1683 1958
dictionaries 626 1900 747 2282 2919
dictionary 2497 1893 2288 924 2412
did 749 92 1567 2313 2879
differ 748 1870 2413 2658 1005
difference 1572 1227 2280 1796 316
differences 1622 1506 2887 1206 78
differential 2152 2914 2440 2866 1627
differs 2162 1431 1967 2884 2455
difficult 2468 726 1085 1550 2842
difficulties 2225 177 2430 1729 1286
difficulty 2245 2010 1563 135 240
diffusion 2660 147 2889 2882 1618
dimension 761 187 1156 1736 692
dimensional 2277 2073 2189 465 1720
dimensionality 213 1247 560 2436 2038
dimensions 1723 2629 758 240 214
direct 1335 936 2858 702 2218
directed 389 1604 2448 2603 2565
direction 333 321 2267 2155 231
directions 2598 897 2612 893 1873
directly 327 1628 2840 1796 762
disadvantages 71 1215 839 240 2845
discharge 2596 1273 1636 2651 2169
discipline 2026 518 218 1468 2079
disciplines 286 2858 1594 1877 2362
disclosure 2091 2043 35 951 304
discover 202 1486 201 775 113
discovered 1240 2363 129 785 772
discoveries 1187 2095 1529 1912 8
discovery 1171 490 2731 2800 829
discrete 2798 1156 1087 1943 2868
discriminative 2883 1043 1247 1471 101
discuss 1296 2052 1321 2366 2505
discussed 1288 2873 976 710 201
discusses 1538 373 2509 1502 1340
discussion 298 2705 1899 2472 531
diseases 1166 392 1341 931 829
disk 464 600 1842 143 1787
disorder 785 1756 2106 670 1510
disorders 1948 2143 784 511 782
disparate 487 2344 301 2851 1874
dispersed 1175 2691 1049 2174 1852
displacement 1713 2866 556 1046 1086
display 791 1396 2853 2854 2478
displayed 626 2672 2844 293 230
displays 2853 789 1493 916 743
disseminate 1771 1175 2814 551 2258
disseminating 1190 1306 2894 725 2610
dissemination 15 2405 661 1578 68
distance 953 2456 796 1747 1659
distances 2435 795 213 1158 616
distinct 2084 760 2910 2001 277
distinguish 2167 728 445 953 1174
distortion 1673 2554 1176 471 1915
distributed 2272 169 1203 1768 1491
distribution 127 759 1796 2498 2772
distributions 2371 736 1174 728 2816
diverse 804 1384 2506 2092 1109
diversity 803 2420 2201 2777 507
divided 1980 2331 2529 1441 315
division 1072 238 433 1158 2732
dna 2420 1780 1171 1169 2419
doctors 1418 1899 539 1538 1954
document 2140 2739 2139 2705 243
documentation 2003 1786 1451 2656 811
documented 810 1547 1159 1860 872
does 220 2270 1494 2637 2088
domains 2403 2231 2825 2419 2093
dominant 1994 1187 429 2353 2520
done 2873 649 928 862 2334
dosage 1636 1637 2169 1900 1273
dose 2129 248 1969 640 319
double 1462 900 2343 1424 2479
down 1529 2753 1739 2578 1221
download 1516 2915 283 2426 2432
downloaded 456 1516 2237 502 2182
dramatically 1726 1470 2394 2167 2463
drawbacks 101 1821 103 1629 2281
drawing 1044 2251 2023 2042 2287
drawn 511 2106 394 874 2309
drive 2796 593 422 2753 573
driven 1237 1409 1252 905 2605
driving 1812 2083 865 1105 2530
drugs 490 2676 2644 162 384
dual 942 902 98 2415 2709
duration 2169 1273 1636 816 1637
durations 2400 2169 2172 1655 1689
dynamic 2540 834 2840 1837 1942
dynamically 833 1467 2039 1564 46
dynamics 2866 1440 205 2568 1796
earlier 396 1030 1773 2144 304
early 2444 2678 294 113 324
ease 15 1443 1404 12 1843
easier 767 1278 1159 1078 2670
easily 16 1093 2437 1139 1166
easy 2836 1195 1132 1171 1412
ebm 644 2907 470 2565 2649
ecg 866 336 1228 1704 865
echo 2520 1193 2859 1942 2762
economic 2625 1075 2570 2163 2297
edge 2436 2884 736 1485 2715
edu 1952 273 1516 305 1126
education 2566 849 2472 2614 2061
educational 848 1538 212 2071 1514
educators 1784 116 848 849 1901
eeg 2193 2432 2450 2150 1486
effect 854 255 1993 1567 1319
effectively 1384 2710 2713 760 777
effects 72 1206 852 1557 1567
efficacy 2134 2047 2754 2745 2023
efficiently 2293 2854 2829 1839 2126
effort 1374 2109 105 1820 2651
efforts 1106 1409 136 16 1687
eg 2491 1738 2101 2295 564
ehealth 2103 168 1191 619 888
ehr 862 1442 1252 167 890
ehrs 861 1283 1377 1778 61
eight 2378 1418 2042 663 1964
either 77 751 2134 854 2408
electrical 843 1644 416 2618 10
electrocardiogram 843 2031 1228 1561 336
electron 1664 208 1105 239 1176
electronically 80 1991 674 920 2127
element 1526 2719 870 601 1087
elements 869 979 1526 1112 388
eligibility 634 2745 2523 2869 1190
eligible 1360 2306 1634 222 980
eliminate 452 1863 2589 1123 19
embase 394 2106 424 1082 1639
embedded 1121 2067 1151 180 1661
embedding 953 219 2451 1220 1747
emerged 2671 457 1094 2691 507
emergence 572 694 355 2781 1466
emergency 696 562 198 697 1830
emerging 1827 1892 265 888 1390
emission 2700 2872 621 2458 2188
emphasis 1963 312 118 1050 1582
emphasize 68 1318 1635 2747 2857
empirical 2106 2882 874 2570 1470
employ 34 222 2209 2319 1389
employed 267 2740 2756 1550 424
employing 2324 1942 635 1462 2292
employs 860 144 503 880 2044
emr 1846 2453 1886 1334 1277
en 1442 167 1283 1872 739
enabled 1203 1276 2364 2051 1337
enabling 437 921 2300 632 2402
encode 271 599 894 895 2558
encoded 895 893 1392 271 33
encoding 894 1757 893 2149 493
encounter 412 2028 1981 2725 409
encountered 765 2405 2781 1845 1374
encourage 2471 55 2209 2808 138
encouraging 2622 1754 195 1775 1026
encryption 2385 1576 1462 818 2091
end 1133 2000 650 1517 1426
energy 566 1768 2409 1767 2461
engaging 1356 1196 1842 1101 1794
engine 906 1189 1464 1036 2140
engineering 2661 1702 1101 761 240
engines 904 2916 1189 2878 1464
english 620 2501 1127 2495 1309
enhance 857 1137 2470 990 728
enhanced 82 2628 1720 583 2280
enhancement 1078 2051 169 1083 2781
enhances 586 479 1554 152 239
enhancing 1595 2758 1447 2138 2271
enormous 355 2648 1276 2820 1239
enough 769 2332 10 2432 488
enriched 1780 254 2718 2269 1840
enrichment 1912 1911 1460 1166 791
ensure 436 2431 439 955 1585
ensures 312 1264 60 681 2044
ensuring 20 1977 2274 520 898
entered 927 2611 2610 1363 1552
enterprise 1283 1370 1879 482 1358
entire 1374 1886 232 2372 1561
entities 924 1735 602 2231 1823
entity 923 1735 2179 1273 768
entries 2851 1745 1250 2344 457
entropy 1703 2659 1621 671 1198
entry 920 218 2656 1112 2431
environmental 2420 2646 551 2230 2339
environments 2639 1048 1682 1404 1384
envision 1290 1754 1525 1717 2759
epidemiological 503 1341 525 782 954
equal 2778 1680 1773 1503 1091
equipment 2634 482 981 2440 2473
equivalent 613 2750 432 1258 513
era 270 2362 8 2143 431
error 937 1772 1622 2524 2013
errors 936 726 2041 1801 1495
especially 2325 2813 2676 2829 1066
essential 601 357 1811 2204 965
establish 1820 61 1666 1182 2174
established 759 1958 1706 2325 677
establishing 830 460 198 206 1896
establishment 2532 1306 2653 520 2085
estimate 945 948 946 325 2045
estimated 944 948 2340 946 947
estimates 1619 992 944 945 948
estimating 1040 1619 2046 2660 1420
estimation 945 944 1891 946 1769
et 95 612 777 1616 1787
etc 923 720 928 0 278
ethical 56 1191 2132 1502 506
eu 955 1141 2475 954 2735
euclidean 1751 1747 876 401 795
europe 955 952 1915 121 931
european 952 459 954 360 1479
evaluates 2618 1254 2845 337 2138
evaluating 1538 1375 1386 1494 194
evaluations 197 2091 2572 2370 1197
event 960 72 2336 514 2657
events 959 72 2657 514 1273
eventually 2206 504 649 2589 54
ever 1502 682 1029 143 557
every 655 187 320 1640 1326
everyday 2216 304 178 2105 151
evolution 966 2226 1166 1248 814
evolutionary 1952 100 2506 1956 2741
evolved 2831 2032 2568 1736 1746
evolving 2142 2044 787 1262 1761
exact 1273 1611 816 1636 768
examination 2325 257 2351 2762 1933
examinations 2700 552 729 1787 2188
examine 2527 30 511 682 56
examined 2878 1296 751 1860 1567
examines 1378 688 1402 397 2388
examining 2202 1120 58 212 177
examples 2853 779 2480 136 1811
excel 1665 1516 1300 1369 319
excellent 210 79 1689 2069 422
exchange 2915 1409 1109 1442 1108
exclusion 1309 1360 2177 386 872
exclusively 43 933 1969 1948 421
executed 2053 1121 1274 1661 2523
execution 1203 2903 2621 1211 2735
exhaustive 163 290 1862 1885 2712
exist 2426 846 1407 1013 1759
existence 1404 2344 289 786 1301
exists 1624 2625 2677 2429 2192
expand 2155 1480 2685 998 2537
expanded 991 2362 2375 2621 1389
expanding 2142 353 643 68 111
expansion 989 2739 2883 1011 2294
expectation 1619 207 1520 946 2045
expectations 1646 470 2898 951 1067
expected 739 1043 1993 1206 1819
expensive 497 311 234 317 471
experience 2650 1809 2005 998 2877
experienced 435 1797 2645 65 78
experiences 1918 577 988 1418 2671
experiment 1912 181 1272 2690 253
experimentally 1834 708 1698 2732 1072
expert 1003 2811 1920 77 1216
expertise 1514 1361 1385 2273 1003
experts 1001 1002 2403 531 437
explain 258 2892 56 2159 984
explained 255 257 628 1951 2784
explicit 1106 1823 2403 2171 1410
explicitly 851 191 292 1243 1458
exploit 1028 213 2299 2876 1229
exploitation 358 1474 1471 1013 142
exploited 1086 2118 2323 2144 627
exploiting 2406 492 1125 2500 2398
exploits 2715 566 1878 365 1637
exploration 1400 2846 1016 2853 1081
exploratory 2016 2017 2367 2535 1125
explored 1348 1036 378 859 931
exploring 1013 1912 2854 1387 1385
exponential 1209 2500 2883 2021 2269
export 2523 456 373 1297 2649
exposed 459 2314 2753 1202 1332
exposure 2129 2473 1256 248 2881
expressed 1022 1166 1394 1385 2315
expression 1166 1167 2506 1021 351
expressions 2222 1530 514 1511 1022
extend 735 266 2417 31 1030
extended 1220 444 2797 1283 841
extending 1767 1501 1443 1563 1758
extends 599 268 2819 1727 2014
extensible 1605 2915 2300 2274 1509
extension 887 1349 2035 2906 962
extensions 597 2703 1974 66 836
extensive 1043 2462 2294 182 2812
extensively 648 2065 2250 286 123
extent 322 2366 906 148 625
external 1899 2704 1407 1644 2053
extract 1036 1041 1273 1766 2779
extracting 1035 1041 2330 1273 1766
extracts 1050 1818 161 167 471
extreme 495 1573 650 1332 2143
extremely 495 42 1019 2726 2753
eye 321 947 2158 1529 1717
f 2173 1273 2368 1636 2329
f1 514 1893 1253 2417 471
face 1045 777 2179 994 1031
faced 824 1560 553 664 2425
faces 1043 1711 666 2769 1675
facilitated 509 788 73 2161 353
facilitates 2563 1811 1160 648 2902
facilitating 526 2679 929 1028 2606
facilities 79 787 1394 45 1175
facing 1512 933 2634 1037 503
fact 1337 1355 2609 2387 906
factor 2718 1053 273 2826 2010
factors 1052 2313 1345 2221 2000
facts 508 252 512 1669 2523
faculty 2566 2472 1538 2645 1378
fail 2702 2468 417 1480 682
failure 1228 1732 740 1777 2267
false 314 2355 1750 2408 1568
families 1060 100 1255 2521 2783
family 1059 1643 239 1249 322
far 707 1322 483 993 1459
fashion 2267 2826 930 838 2778
fast 2518 759 1617 1064 1944
faster 2692 496 1063 2460 2754
feasibility 690 689 1593 1649 2128
feasible 687 427 2711 1446 2744
federal 1192 2225 1142 2791 696
federated 84 2731 2438 252 2300
feedback 2238 2627 2401 2206 1400
few 1906 1206 2338 2698 2465
fewer 1464 1226 397 956 1567
fiber 1698 2660 806 757 1834
fields 514 2133 1273 1041 2596
figure 1075 2696 1573 2119 3
figures 1074 2696 2630 374 845
file 1077 1108 745 1109 2915
files 1076 1108 1109 745 1300
film 2872 208 910 1105 933
filter 1082 2408 2510 1639 874
filtered 1082 1081 124 397 819
filtering 2846 2121 1013 2120 1080
filters 1079 2408 1639 2510 874
final 343 2510 48 910 1975
financial 338 1812 771 161 2314
finding 2378 754 1329 604 192
fine 692 788 2440 556 1428
finite 2436 2189 149 2081 2434
fit 82 2069 2372 732 1187
fits 189 1615 483 817 1718
five 2704 343 192 2887 634
fixed 230 947 130 1862 2569
flexibility 1093 676 2347 521 1187
flexible 1092 1508 1971 840 1108
flow 877 2129 761 719 817
focal 1505 2719 1582 2241 1541
focused 1944 748 858 2064 1409
focuses 2171 2430 914 392 1080
focusing 284 540 2731 2606 1693
fold 403 404 2829 2811 637
follow 1706 57 1707 810 2430
followed 903 905 2086 688 2061
following 1789 2256 2129 201 1954
follows 157 2184 2269 588 1933
food 59 162 1339 1525 1970
force 208 1664 867 1491 706
formal 1823 1822 1006 2508 2509
formally 168 213 1758 297 1113
format 1109 1076 1077 2915 2549
formats 1108 1076 1077 2915 1451
formed 625 1042 2737 1157 2691
forming 2769 365 321 2895 2315
forms 927 979 95 949 1409
formulate 297 213 1107 1546 1673
formulated 1604 2418 2499 2223 2278
formulating 666 2830 869 747 186
formulation 593 2488 1894 204 1322
forty 1899 2738 1656 2306 2919
forward 2114 1619 2707 566 1948
foundation 2078 2517 1349 2574 814
fourth 2559 1706 320 975 2311
fpga 2067 1151 2053 180 1661
fraction 489 2644 1501 379 275
frame 1124 2840 2841 1247 2657
frames 1123 1661 1942 657 1121
frameworks 1191 1248 24 1014 735
freely 2913 1847 136 2690 1109
french 2501 2680 1152 2683 2729
frequencies 2172 117 2193 2889 1129
frequency 1661 1685 1636 1639 831
frequent 1344 2501 697 2730 1205
frequently 2590 2900 1623 157 2851
friendly 841 276 1221 305 1384
front 901 2719 1451 2762 238
fully 2873 2740 2528 108 1169
functional 1166 2092 1169 136 1022
functionalities 1278 409 1536 1125 2121
functionality 105 1028 1696 838 2226
functionally 530 1306 2820 859 1173
functions 2093 2092 1166 2084 1135
fundamental 1938 855 188 1690 2321
funded 1763 459 952 1576 955
funding 80 1067 1192 2225 460
furthermore 2013 809 1237 328 752
fusion 207 1470 284 2357 604
fuzzy 1322 1368 1862 43 1156
gain 1366 1365 18 819 2417
gained 1983 1522 1366 1179 982
gaining 2431 1526 501 555 635
gap 297 349 211 1150 686
gaps 1282 2536 297 2671 625
gate 2067 1121 180 2053 657
gateway 1127 189 1203 498 1987
gather 1155 97 2341 42 150
gathered 1726 31 139 396 1155
gathering 1153 1586 2396 1468 1589
gaussian 666 1461 556 758 1045
gave 1809 422 1566 383 691
gb 2435 806 1698 433 796
gender 78 2851 1334 257 1432
generalized 666 1720 1616 1156 2494
generally 482 122 222 13 1018
generate 1271 1164 1126 2802 2113
generates 1196 1164 1401 2404 1642
generating 1162 2126 1163 409 1199
generic 167 1252 1028 349 1442
genes 1912 1167 1022 2224 1948
genetic 1166 1947 1948 1168 1701
genetics 1948 1947 1167 2820 1173
genome 1171 2420 1172 137 807
genomes 1460 2819 1166 1169 33
genomic 1169 2420 1172 807 775
genomics 2739 1171 1169 1701 2154
genotype 1947 2820 1168 1138 1948
geographical 599 478 1205 2794 2359
geographically 787 93 792 2691 125
geometric 1791 799 1713 867 946
geometry 1569 2866 678 2028 334
german 1179 1900 185 2610 2325
germany 1178 1603 1357 1830 322
get 1211 2633 483 2691 304
give 2923 1873 2848 2922 1850
gives 2497 758 1368 237 1365
global 1355 2258 2446 1976 1340
globally 2486 1617 2709 1673 2909
go 1460 916 1912 137 2232
goal 354 2131 1035 1628 2770
goals 774 2889 97 814 1618
gold 2510 2408 1639 77 2407
google 2361 2916 906 447 1881
gov 1763 793 118 871 1765
governance 1125 860 951 1402 2091
government 1067 2758 1142 2362 2874
gradient 844 2520 757 1392 2882
graph 1197 2456 497 1864 1612
graphical 841 305 2348 2836 2506
graphics 2253 903 1842 1605 2353
graphs 1194 1240 4 497 1329
gray 1472 1703 1961 1618 2889
great 1988 464 659 1164 452
greater 1558 1565 1538 1622 2692
greatest 1870 2556 55 295 324
greatly 2696 1019 1012 2420 225
grid 983 2903 891 1152 1960
ground 2748 2726 2673 2850 613
grouped 1174 533 2228 2477 1523
groups 854 751 2917 1984 1417
growing 2142 2273 1223 2230 78
grown 1245 543 1502 962 1104
growth 1017 2141 1500 1585 2698
gt 1567 120 2537 1677 727
guarantee 32 262 983 2511 219
guidance 64 2782 2378 1759 118
guide 1786 2582 1820 2684 1785
guided 2611 2401 2218 2184 1392
guideline 1216 767 481 344 460
guidelines 2204 2185 1215 2745 2308
h 1333 667 2611 656 1415
half 1748 106 1441 35 537
hand 1455 1565 559 2294 1639
handle 1025 2550 876 1299 1840
handling 317 783 819 943 341
hard 497 148 1008 2239 1085
hardware 46 1435 1676 1889 1285
having 2208 2006 719 2585 2683
head 29 1684 1227 1966 2864
headings 1648 2571 1765 2680 1639
healthy 2864 2280 1572 1501 229
heart 336 1057 843 337 866
heavily 237 1008 1638 481 1403
held 80 172 1806 518 210
helpful 1804 213 1152 1363 1872
helping 66 562 102 588 626
helps 1800 2326 2856 157 158
hence 1108 2360 336 2713 2389
herein 239 1671 639 479 1523
heterogeneity 2768 267 1307 2625 301
heterogeneous 2403 775 1409 827 2759
hidden 1604 1947 1343 1344 139
hierarchical 2853 744 86 1397 1493
hierarchy 345 773 1371 1197 129
highest 1566 1375 2704 1157 768
highlight 1945 769 1443 1795 883
highlighted 457 2004 2118 1007 2115
highlights 1765 298 452 1458 2056
hipaa 1382 30 2044 2225 532
his 59 1311 2297 2530 572
histogram 678 2436 445 760 1318
historical 1594 1125 297 1873 965
history 1060 2380 2574 2842 2532
hit 1251 489 1264 925 2741
hits 1250 502 2065 2621 2595
hl7 350 1409 2509 861 1442
hoc 40 1042 700 76 2328
hold 2076 532 956 2425 2391
holds 342 1268 1059 921 100
holographic 639 2192 1518 1697 2187
home 1880 1786 1934 2878 282
homogeneous 1638 2255 57 934 1568
hospital 1260 2775 768 879 1955
hospitals 1259 696 879 439 356
host 1516 1099 2096 464 1358
hosted 479 121 1598 2044 968
hours 2327 656 2519 114 2501
house 1250 2621 918 1361 2059
html 1605 1761 2309 1205 2769
huge 2863 119 1574 63 69
humans 2753 628 1110 2279 1173
hundred 2686 1255 2495 2683 781
hundreds 2687 1138 2621 1488 307
hybrid 2169 453 2853 495 819
hypotheses 1272 1344 1162 1669 1852
hypothesis 1271 1342 999 1554 2665
i2b2 768 1636 2596 252 1041
icd 2479 2309 2662 982 1822
idea 1322 2176 1145 1979 2716
ideal 526 2202 612 1814 121
identical 268 605 2736 318 2
identifier 1279 1136 839 139 2922
identifiers 1278 427 1737 1734 198
identifies 2190 2597 2778 262 967
identity 1520 1846 2641 2064 297
ie 1150 1346 1805 2306 2519
ihe 921 2063 890 1442 1872
ii 1285 2806 2562 2551 2107
iii 1284 2806 2226 1223 2551
illness 1806 1645 2613 714 1418
illustrate 1166 1171 1229 947 1048
illustrated 2039 779 1448 191 774
immediate 2207 443 2778 1415 920
immediately 930 616 594 2759 649
impacts 698 169 54 1123 1921
implement 1294 2422 1785 1786 1889
implementations 9 2070 169 227 2053
implementing 1292 2638 683 539 1762
implements 2597 2835 2820 2819 27
implications 1337 973 778 2877 1918
import 1300 306 2869 2168 1018
importance 1172 1220 1365 960 1055
importantly 272 2053 1485 2223 2921
imported 1297 977 1914 2741 1952
impossible 125 1432 1458 735 1963
improvement 2739 1567 2173 243 2527
improvements 1500 581 1704 1319 2906
improves 592 2014 128 2243 1421
improving 1612 2336 1069 2739 1259
inadequate 793 1138 2625 943 1312
incidence 714 1236 72 184 2817
includes 1398 1169 724 1171 1808
inclusion 634 1651 980 2378 2308
incomplete 1978 91 1318 1583 1940
inconsistencies 206 398 1874 687 2403
inconsistent 1042 1306 2251 1419 627
incorporate 443 1168 125 2557 1898
incorporated 2857 1133 1439 508 604
incorporates 2602 1662 2631 2391 2569
incorporating 1724 2207 2533 1619 1940
incorporation 1336 2214 1929 1772 228
incorrect 612 1247 678 883 1334
increased 2145 852 228 1416 1303
increases 142 1123 1261 2000 1729
increasingly 249 251 1955 2505 250
incremental 2617 1275 1757 2782 280
indeed 2029 191 1045 1994 2411
independent 2811 1927 701 2442 1660
independently 874 1452 424 393 386
index 1329 1639 2293 1327 394
indexed 1639 269 1329 1455 342
indexes 625 47 493 2782 2697
indexing 1326 1327 269 2696 1648
indicate 2019 2829 2273 2887 1921
indicated 2614 139 2377 2778 667
indicates 2681 1038 2425 1019 130
indicating 1217 0 138 2590 2750
indicators 1159 1318 889 194 618
indirect 762 609 1212 508 2455
individually 2631 1317 2522 337 1150
individuals 1985 1138 1296 1051 1984
induced 2654 2322 2746 866 1360
industrial 1104 223 1288 1553 1358
industry 1943 1283 7 62 2423
infectious 931 782 2691 84 2276
infer 33 1344 2387 1556 1272
inference 1604 1823 2820 247 1452
inferred 1271 1342 1130 122 1238
influence 1430 1626 1053 680 1884
influences 1530 1282 1805 1759 2519
influential 1994 1924 2165 1359 884
inform 2877 2677 389 1059 1580
informatics 252 1273 2731 279 1386
informative 34 2094 2798 416 1185
informed 532 1418 665 2115 2867
infrastructure 418 1353 704 2043 1377
infrastructures 1352 482 114 788 1443
inherent 334 2114 2271 2752 2390
initial 1051 2233 1183 2666 245
initially 903 2162 2032 668 2251
initiated 1179 66 620 1686 1543
initiative 921 1283 1376 2868 1434
initiatives 1717 2582 278 1409 1347
injury 872 980 2106 2660 2880
innovation 1785 68 2922 443 1587
innovative 120 704 1385 1125 1816
inpatient 1740 2801 1382 212 1924
input 1865 1755 2450 331 2213
insight 1146 1448 1318 454 1182
insights 1146 1147 1398 1179 915
inspection 1829 1681 1942 2217 149
inspired 1757 1145 1492 2857 277
installation 2493 1516 1607 977 1370
installed 921 1474 745 1369 1540
instance 1372 1997 1240 969 1263
instances 1371 2776 1854 261 1788
instead 2675 1904 1371 510 1714
institute 102 323 857 394 48
institution 1850 1241 694 548 1245
institutional 286 1377 161 532 1541
institutions 1376 921 862 1352 631
instruction 2645 2566 2472 1514 2649
instrument 2177 2641 2004 1055 2183
instruments 2089 1721 671 595 116
insufficient 229 2632 217 2634 2027
insurance 1245 30 1363 2852 2044
integral 302 206 1675 2161 2170
integrate 1386 803 1912 853 1271
integrates 1002 1021 1362 647 1016
integrating 1273 279 252 1384 1283
integrative 1426 916 1912 1016 2065
integrity 1435 1084 520 1827 978
intelligence 312 84 1445 2819 1973
intelligent 1935 83 1822 169 1144
intended 2231 1323 1874 2403 2225
intensity 1193 1719 1227 2073 2394
intensive 2774 1592 2772 565 1058
intention 256 2636 2284 76 12
inter 1419 1797 88 728 2815
interact 125 96 789 1754 792
interacting 1239 272 1950 1925 2124
interaction 1399 2092 1308 775 1366
interactions 1398 2092 2093 5 489
interactive 1013 2253 1426 307 1069
interactively 540 598 1723 560 2206
interested 974 1191 1819 2216 2244
interesting 2304 1759 140 1346 1946
interfaces 146 838 986 1712 1195
interference 703 1697 2872 1256 1698
intermediate 498 2656 2740 1907 2655
internal 2129 1020 1034 2319 29
international 551 436 2256 619 1455
interoperability 1252 1823 1106 2403 979
interoperable 2508 1106 1792 2496 2587
interpret 2621 112 1477 1890 1912
interpretation 136 1171 1623 1166 841
interpreted 2855 2014 2011 1759 1885
interval 519 393 2865 607 2134
intervals 198 2186 1289 1677 12
intervention 1417 2134 1859 424 1860
interventions 1416 424 1860 1656 267
interviews 2115 2404 1897 1351 2702
intra 1395 1797 2395 2815 362
intrinsic 2324 947 1427 693 2022
introduce 1444 720 1304 2223 2141
introduced 420 1617 2722 1064 759
introduces 70 38 293 953 615
introducing 1935 30 79 818 1450
introduction 298 2114 1873 1424 1643
intuitive 1387 2844 2794 1013 1400
invariant 2324 715 716 2722 2482
inverse 2482 1926 9 10 1086
investigate 1764 2388 751 2591 1433
investigated 1345 428 2303 1626 1999
investigates 157 753 2517 130 1177
investigating 2276 2103 1159 1301 1915
investigation 1764 1429 1970 1643 2245
investigators 113 358 2270 438 123
investment 2297 705 2214 1850 1223
involve 1693 2208 390 1588 1974
involved 2092 2699 511 665 2052
involves 1468 2076 2294 638 19
involving 439 2586 2034 1314 2243
ion 2515 2513 490 1721 2119
irrelevant 1082 872 2106 2683 1079
iso 167 890 2656 1283 861
isolated 1780 838 1353 1867 1026
issue 1755 261 1557 1421 2546
item 1446 1389 414 859 1532
items 1445 1923 2004 449 1442
iterative 2190 2188 1595 2189 101
iteratively 2251 1751 1747 1365 1288
itself 1888 565 2349 1044 1285
january 663 79 1600 218 1806
java 2493 146 1753 2513 1109
joint 2014 1343 532 416 1325
jointly 1588 1818 455 2725 252
journal 1455 2110 2107 396 398
journals 1454 1082 1639 397 2378
just 206 2058 702 152 59
k 1751 1747 1890 371 444
keep 694 654 158 1301 1351
keeping 84 1900 1251 1979 567
kegg 1911 1912 1185 1166 1170
kernel 2617 1772 404 1156 2489
keys 2292 818 900 2384 887
keyword 1464 2009 1798 2479 2140
keywords 1463 2369 906 2186 1071
kidney 2031 2681 1680 2080 1670
kind 387 311 702 599 612
kinds 834 2856 2629 599 266
know 2831 150 769 1155 1363
lab 306 1534 1989 345 2387
label 207 1472 1144 1471 822
labeled 1470 22 777 149 1497
labeling 1198 1470 2602 133 633
labels 514 2045 1726 1470 97
laboratories 1370 2593 173 1909 2475
laboratory 69 2515 1606 1279 2366
lack 1524 1978 2582 1722 1808
lacking 1566 534 1 2611 438
landscape 966 60 1939 41 1873
languages 955 907 2915 1737 1605
largely 988 35 235 2517 2561
larger 2862 1385 2482 1021 1736
largest 621 946 602 2128 324
laser 1698 248 1834 2609 1549
last 661 381 662 2248 652
latency 238 2278 528 846 2715
latent 103 851 2705 772 2045
later 2344 1512 771 1661 2088
lateral 1990 113 1757 248 1826
latest 2345 1566 2670 2322 2863
latter 1829 2848 346 533 1792
layer 1492 2736 1105 2804 1664
layers 1491 1607 540 1757 1368
layout 791 2846 1239 2600 1194
lead 1366 812 755 1303 1789
leading 2057 469 38 937 2877
leads 556 719 2118 1091 852
learn 1864 2748 1471 1837 182
learned 1507 1741 1885 1976 2884
least 2638 2378 634 192 531
led 1303 1209 1484 519 2006
left 2311 2864 1227 1572 2280
legal 2043 2225 2091 2385 532
length 2821 820 932 498 795
lesion 1505 1582 1541 2355 90
lesions 1504 1582 1541 1095 2355
less 751 1621 78 1622 1565
lessons 1498 903 2458 84 1642
levels 1093 848 1240 2256 1053
leverage 1974 1028 1204 2300 1030
leveraging 2027 1816 216 2168 784
lexical 1662 2622 2763 1530 138
lexicon 2622 522 2503 1530 1050
librarian 1514 1378 2645 2565 2649
librarians 1513 1538 2472 1378 1055
libraries 1514 2365 490 384 489
license 977 820 1876 1847 2478
life 2365 2364 276 2366 1654
light 1256 1834 2187 1664 1626
like 1386 2366 1400 307 2419
likelihood 247 2045 1621 1281 2046
likely 2865 1567 1506 2705 2590
limit 703 687 1147 842 346
limitation 2636 1235 2499 1205 290
limitations 2556 1476 1656 2671 64
limiting 33 930 1104 1717 2679
limits 2482 869 2754 181 321
line 456 261 313 821 351
linear 1772 2221 2277 1461 1617
lines 774 1040 2095 819 351
linguistic 1511 2622 1346 1512 1023
link 1535 1532 2643 1767 608
linkage 2219 1533 1531 2292 2220
linked 1532 277 1738 2142 1534
linking 1911 2356 1469 1821 1166
links 1531 2878 2790 775 1847
list 2139 1537 1166 1136 2704
lists 1536 2138 2079 2139 278
literacy 2472 1514 1055 644 1378
little 1417 2115 2878 2108 2672
live 2796 2896 1370 1086 2241
liver 1505 1582 1504 757 107
living 1848 239 1757 352 181
load 237 1691 1767 1054 1357
localization 2595 2505 2012 2863 1568
localized 2111 2400 1392 2738 2609
locally 352 2552 757 1113 2394
locate 1549 2920 2108 811 1455
located 787 1462 1630 510 422
locating 1547 1483 375 96 699
location 1551 2406 754 886 2711
locations 1550 727 2319 2235 2210
log 1556 1787 920 2795 646
logic 395 1554 2119 1579 1792
logical 1792 1874 1106 1553 1793
logistic 2221 2318 532 2636 2176
logs 1552 81 2429 1342 2388
long 854 2442 1444 436 2420
longer 1200 1381 2693 1978 2760
longitudinal 1643 1921 861 1049 2200
look 2629 1044 168 2283 883
loop 416 866 1812 982 2500
loss 2047 1563 1878 346 1957
lost 1773 1501 2289 1562 1026
lot 213 284 2253 834 1353
lower 2787 1622 1567 1506 1200
lowest 1241 1477 2916 422 1157
lt 1210 2865 1733 1622 1626
lung 2750 2073 2129 1968 318
m 2719 1177 2069 657 496
machine 2829 2617 403 134 1041
machines 2829 404 2717 2617 866
magnetic 2280 1720 1719 1227 2628
magnitude 1846 2271 1074 430 1038
mainly 1676 1178 1266 1613 2676
maintain 1934 520 1376 601 1377
maintained 900 1141 185 446 1327
maintaining 2747 2421 507 1537 2626
maintenance 794 438 1740 1155 1869
majority 1553 2828 2591 1801 2134
makers 1587 1978 2530 2768 2806
makes 581 1133 16 754 2813
malignant 1505 2751 375 2176 1504
mammography 324 349 90 314 1582
manage 2548 598 1852 1589 1076
managed 98 2721 1603 1209 473
manager 1589 1155 322 1252 1513
managers 1580 1361 684 2016 2530
manages 145 1453 1818 2300 2868
managing 1586 1584 1155 437 356
manipulation 2335 2594 968 1195 817
manner 2074 547 127 1160 146
manual 2404 1593 1393 1188 642
manually 1041 134 1592 2173 642
manuscript 282 605 1248 482 770
map 1599 912 1447 1169 1597
mapped 2663 1442 2479 508 1597
mapping 1599 1598 1595 1409 1596
mappings 2661 2662 1597 1262 1792
maps 1597 1595 1720 2797 1782
march 2781 2880 1450 2879 476
marked 2075 2519 2237 391 970
markers 2695 1949 2454 2224 1816
market 1179 2103 1812 139 1830
markov 1238 1343 364 2045 1114
markup 1028 2915 1265 1196 2334
mass 2515 2513 1721 2096 2641
massive 119 1369 1492 2269 1935
master 2736 2649 650 2363 704
match 530 1612 975 1777 1610
matched 1612 2812 1883 2111 1609
matches 225 969 1813 2871 2023
matching 969 2179 1610 182 1194
material 1614 2624 2753 1996 641
materials 1613 1834 2354 867 737
mathematical 1710 1089 483 1709 166
matrices 1617 1741 1160 95 799
matrix 1616 1837 1184 1528 1063
matter 2889 757 2660 1198 2520
maximization 992 946 207 1072 1673
maximize 1674 2065 1251 2800 695
maximum 1520 1676 371 1769 2073
mean 1567 751 1681 78 1565
meaning 2403 1874 2662 1106 1822
meaningful 987 1768 2402 1013 1237
means 1237 1749 1728 323 2272
measured 1567 88 2280 1681 196
measurement 752 1629 657 2762 1572
measurements 2815 1990 1626 2117 1720
measuring 1651 1627 2817 2674 736
mechanical 699 2618 2048 240 2864
mechanism 1768 582 1491 326 681
mechanisms 1167 2731 1701 442 1947
media 2480 1880 1930 383 1725
median 872 2823 72 2136 2309
mediated 33 2417 2618 883 2714
medication 1273 1637 768 816 2596
medications 1636 816 2169 1273 1659
medium 1258 237 248 2624 476
medline 1082 5 874 397 2408
meet 2336 423 687 2671 5
meeting 2630 868 2185 942 2907
member 295 952 360 955 1507
members 1060 2527 218 2877 2115
memory 865 738 737 180 486
mental 2671 1286 2572 2453 1830
mentioned 0 993 2210 2304 2878
mentions 602 1775 603 2531 2807
mesh 1226 2571 1639 2680 2108
message 1650 2360 2208 1065 2635
messages 1649 2715 1252 1682 355
met 1309 634 874 1629 1800
meta 2308 874 1309 267 2745
metabolic 1956 642 2189 661 2635
metadata 1442 1517 1386 712 16
metamap 2763 832 2342 2716 2169
methodological 424 1417 2308 1082 1117
methodologies 353 2302 2893 1741 690
methodology 1666 2664 1656 1408 1442
metric 2169 816 1637 1660 678
metrics 1659 2169 1738 602 1273
mhz 2719 1121 2053 657 2067
micro 225 1511 138 1273 1709
microarray 2552 1912 1258 1022 2153
microscopy 867 208 1105 706 1710
microsoft 977 2896 2523 1937 2068
might 1658 2102 1808 451 1820
migration 2276 2618 2654 2322 1338
million 269 490 1428 49 384
millions 2854 1054 1271 1011 1852
min 1680 347 788 977 2327
mine 1235 2080 2076 2763 239
minimal 1042 2170 1375 838 757
minimization 799 613 1619 205 209
minimize 1620 2778 1838 2350 1837
minimizing 2487 1878 1045 1383 2841
minimum 1621 1223 1121 1124 1574
missed 1360 533 513 2106 1415
missing 2041 1312 2356 625 1113
mixed 2004 2115 458 1060 2421
ml 1670 285 736 2681 422
mm 2353 1942 2280 2762 2859
mobile 738 1650 1485 2354 2759
modalities 745 170 462 2762 1696
modality 2700 1225 2762 2190 2136
mode 816 1900 1661 2733 1834
modeled 1908 1687 1107 124 1357
modeling 1686 1486 858 2564 1409
modelling 290 258 2832 1442 862
moderate 832 1979 1797 467 978
modern 2842 572 913 2211 898
modes 1942 844 1543 1685 832
modification 318 1801 353 2448 2039
modifications 1436 2014 832 2417 117
modified 2655 483 2138 2116 21
modify 445 1401 2269 260 995
modular 1028 1683 293 1991 2756
modulated 248 1256 1405 691 1392
modulation 1834 1072 2732 2514 1483
module 1700 2779 1655 2048 614
modules 1699 2779 2053 2517 1273
molecular 1702 1166 1167 2092 279
molecules 1701 384 2644 490 2093
moment 1198 1872 1882 2669 926
monitor 843 1705 2031 2670 2857
monitoring 1704 2409 2410 843 2774
month 1930 623 2879 1760 1120
months 1930 68 883 1901 1100
moreover 1471 420 937 2548 308
morphological 1662 1511 2393 1530 1615
morphology 208 1615 1664 2100 1681
mortality 1732 58 1045 616 346
mostly 2851 649 1404 150 2344
motion 2840 788 2866 2520 844
motivated 2417 2739 204 2895 2899
mouse 2695 1942 844 2859 351
move 47 1968 2288 556 948
movement 930 1040 1359 1525 1354
moving 266 379 1485 1089 2670
mr 2280 1572 2859 2474 844
mri 1572 2280 2628 294 1719
ms 2515 1606 2513 2096 1440
much 1169 211 2701 1476 2546
multidimensional 761 2350 1401 2271 1884
multidisciplinary 696 1726 368 572 534
multimedia 2328 97 1486 1633 2897
multimodal 1154 615 1724 822 1473
multivariate 2817 2116 599 2636 2796
must 249 2918 2692 2438 636
mutation 1730 1947 1948 1167 268
mutations 1729 1947 1948 1167 2820
mutual 2639 2673 219 1659 635
myocardial 1057 2920 39 736 2807
n 1567 1815 2817 2145 1622
name 1737 225 1636 1775 1279
named 924 923 1737 2179 2633
namely 647 866 1673 758 967
names 1734 59 1636 1279 924
narrative 1273 816 1636 768 2172
narrow 303 819 2127 238 1082
nationwide 2636 1363 65 1827 2214
naturally 1804 1616 1885 1498 163
nature 660 1051 857 1418 1476
navigate 1880 212 2597 177 2519
navigation 1196 1743 1486 1144 2878
ncbi 2344 282 2647 276 925
near 967 371 1767 2498 738
nearest 1751 953 1457 87 1448
nearly 1218 628 2122 222 1279
necessary 710 745 485 1875 2272
negative 1993 2015 2408 2510 1058
neighbor 1747 953 1457 87 1448
neither 1773 1770 2555 152 1759
net 2493 1451 1665 1126 1369
networking 930 2453 899 2480 2792
neural 184 1757 651 701 681
neuroimaging 615 606 784 203 1727
neurons 1755 1368 1488 2693 1774
never 1107 32 482 1026 1522
nevertheless 1346 1403 600 1413 2519
newly 1706 633 1470 2028 1820
news 463 1957 1265 2671 2481
next 2420 2690 1169 276 1171
nih 1190 1141 2074 252 240
nine 2755 2627 1429 872 1450
nlm 1226 2680 2696 3 1648
nlp 1041 1273 2779 134 404
node 1768 2409 1869 2897 902
nodes 1767 2409 2897 902 2088
noise 2449 2149 1944 2450 2516
noisy 1448 1752 2497 230 181
nomenclature 491 792 2753 2479 223
nonlinear 1461 1528 1698 1865 2439
nor 1752 1563 836 932 247
normal 1757 2073 352 1942 2750
normalization 1776 1647 602 1734 2179
normalized 1775 641 844 1193 453
note 1778 1363 2458 1057 1954
notes 1777 768 1636 1511 1766
now 2781 2649 1076 1484 1210
nucleotide 2420 807 915 2315 1443
numbers 2427 2883 160 619 2347
numerical 2462 2914 1890 2461 2859
numerous 472 2225 51 1794 1554
nurse 1786 1785 850 2778 32
nurses 1786 1784 1361 1860 443
nursing 1785 1784 102 2566 1860
o 141 302 971 208 783
object 1791 2498 2394 2914 2840
objective 1639 1955 2256 382 1102
objectives 2219 1802 567 1141 2103
objects 1788 1176 2840 1123 462
obo 1823 2479 1554 1106 2403
observation 1737 1554 2677 2696 1454
observational 903 2817 1356 2824 983
observations 183 879 1949 1242 1453
observed 1626 750 2010 1681 429
observer 2395 2815 1395 1419 2863
obtain 1463 973 420 210 936
obtaining 1361 2298 1979 383 241
occupational 2678 102 2326 2559 1233
occur 937 1647 2924 1692 2254
occurred 1790 2413 348 1815 722
occurrence 423 243 202 1346 2776
occurring 1741 1231 1159 2851 32
occurs 1346 1829 2157 1282 2519
october 1286 1230 663 2879 2027
off 2712 2465 669 2160 2618
offer 1666 2909 1999 2071 1435
offered 1157 2015 1964 2627 1899
offering 93 552 1903 660 116
offers 2070 1171 1847 1047 1384
office 1561 1435 1603 828 2832
official 514 1611 969 2156 1900
old 78 2867 43 1276 386
older 65 1981 2758 2401 688
omics 145 2870 1602 1028 1510
once 2828 669 435 1323 2839
oncology 1453 1588 2852 455 2751
ones 1402 994 2049 1621 344
ongoing 2744 56 1964 857 2214
onto 760 1534 2585 85 823
ontological 1823 1106 2661 1874 1343
ontologies 1792 1822 2403 1106 2231
operate 2376 386 1390 284 293
operating 2176 375 645 2318 1582
operation 1825 2176 1488 2427 900
operational 880 1740 1968 171 1587
operations 2611 2087 722 312 1407
operator 2482 1367 1805 165 2340
opinion 562 1179 1603 1645 879
opportunities 418 2076 69 1968 769
opportunity 1142 1674 1480 2367 1808
opposed 743 2193 534 1980 1938
optical 1698 1944 2732 433 1072
optimal 1837 874 2408 2149 1184
optimally 2436 241 1087 2434 2826
optimization 1838 1617 1835 581 1891
optimize 1837 1839 329 1674 566
optimized 1838 2882 692 2394 128
optimizing 2718 2500 915 1306 1220
optimum 2733 1719 1698 185 522
option 903 1196 783 2046 2164
options 2877 2672 2878 838 206
oral 694 2287 1887 231 2025
ordered 1885 618 897 421 1185
orders 1573 889 1281 1636 879
org 2913 1516 2607 1126 2790
organisms 100 656 1542 1956 352
organization 2908 312 1853 1851 710
organizational 1375 1435 320 68 562
organizations 1849 1899 2059 1252 2427
organize 1271 787 1584 1669 1957
organized 2185 2552 2907 1849 239
organizing 440 580 2040 1372 191
orientation 708 1072 2498 2660 2889
oriented 582 810 409 688 23
original 2042 226 2885 937 499
others 618 1454 2792 1117 257
outcome 1416 1860 1082 2122 393
outcomes 1417 1859 2745 1786 413
outline 2321 370 1710 1952 2871
outperform 984 2046 404 1145 1582
outperformed 2247 873 2412 2597 2899
outperforms 182 1497 1194 1866 2840
output 1364 1866 1772 1126 1109
outputs 1865 2748 1893 2602 1864
outside 1958 1933 1443 696 2131
overcome 93 1299 2114 1964 2030
overhead 1878 1767 1768 2715 1905
overlap 749 1201 2299 2298 1042
overlapping 1912 2417 872 456 1460
overload 890 1283 739 1442 2033
overview 1181 1939 1248 1425 765
owl 2403 2496 1623 1822 1106
own 1749 392 2284 2426 1865
package 1516 1877 2493 2128 1451
packages 1876 2237 770 928 284
packet 1910 1869 2328 2715 2732
pacs 1958 173 2131 745 170
page 2696 2922 1257 1743 1633
pages 1189 2878 398 1880 1922
pain 195 1703 2610 2619 1916
pair 1884 2746 715 1610 445
pairs 1883 2455 2456 2746 1345
pairwise 2455 163 213 1845 2626
panel 889 11 2907 922 1560
papers 1455 2107 2108 1454 1309
paradigm 1449 686 1953 690 213
parallel 1719 1223 2053 2462 10
parameter 2818 1942 1457 27 1891
parameters 948 1890 2340 1837 499
parametric 197 880 747 2019 2497
parsing 1042 2558 747 2412 2622
partial 1116 752 2395 2488 1194
partially 2608 101 510 2255 871
participant 1897 2429 525 1432 698
participants 2115 186 476 1418 1896
participate 2922 443 842 68 683
participated 1117 2651 1897 2907 1034
participating 816 1979 1637 2295 1685
participation 2501 2615 1127 2683 2326
particularly 2904 1043 1918 2497 2320
partners 596 2094 2501 1127 2477
parts 2890 2497 1373 23 287
party 2682 2703 2384 1869 1054
past 1070 2886 662 2887 686
path 1910 2328 2488 350 1767
pathological 1686 2694 1227 1950 234
pathology 2475 2694 2762 1474 1227
paths 1878 1907 2328 1768 596
pathway 1460 1912 916 1166 1534
pathways 1166 1911 916 1460 275
pattern 403 2667 271 1511 1461
pdf 1986 1300 1077 60 2603
peak 509 2693 262 954 248
pediatric 386 2146 930 980 2610
peer 2305 2107 1977 1455 512
people 1897 2878 584 1417 2877
peptide 2513 2641 380 1606 2096
per 2917 2442 2145 946 1706
perceived 2797 2572 1394 664 2388
percent 2147 708 1226 1689 1881
percentage 1446 402 403 161 2314
perception 1347 1363 1925 212 2004
perceptions 212 2016 2814 1924 257
perfect 2045 1428 409 2688 1279
perform 1324 583 2055 1595 1508
performing 1571 832 2172 2556 2729
performs 2222 2207 2585 2684 1317
period 1706 1707 2917 1633 2760
permanent 2069 2203 1815 2110 1375
permits 2292 2585 1369 2691 2230
person 1867 2418 970 139 190
personal 2091 501 1935 1502 2385
personalized 1390 1934 1424 1607 2311
personnel 360 1435 714 2211 1827
persons 2227 204 2796 2091 1800
perspective 503 2403 69 1140 661
perspectives 2846 1873 1346 1478 1311
pertaining 2091 2824 2790 1571 1310
pertinent 2373 2696 1648 2306 1532
phantom 2859 844 1681 2762 29
pharmaceutical 1340 384 120 60 312
phase 1834 1698 1769 2449 2461
phases 1944 2685 1242 2710 1002
phenomenon 365 47 2311 2624 1403
phenotype 1173 1948 1949 1729 1167
phenotypes 1947 1168 1729 2820 785
phenotypic 1947 1948 1602 2143 1167
php 177 2244 1397 2834 1170
phrases 2622 2900 262 1005 2558
phylogenetic 966 100 2646 2740 2835
physical 37 36 1888 1644 2148
physician 1955 1002 209 1777 1263
physicians 1954 186 2122 2286 2504
physiological 2031 966 1653 1848 100
physiology 1761 2031 189 2695 285
picture 1879 173 462 745 170
pilot 431 500 1397 65 1897
pipeline 2454 2371 1203 2493 2128
pixel 1198 2395 2524 2288 1405
place 1554 2363 2582 1042 218
placed 882 2284 150 2878 1301
plan 1969 1968 817 1568 1809
planar 844 2520 1193 2859 321
plane 248 2762 2474 1225 321
planned 753 725 663 1150 47
planning 1969 1568 1964 248 817
plans 1968 1964 817 2129 248
plant 2506 1104 2315 131 1022
platforms 1912 1022 1093 305 1167
play 2320 2321 2850 1313 297
plays 2320 348 638 459 783
plug 1509 648 2868 1030 1436
plus 324 460 2495 2134 2916
points 2189 1498 1713 937 2583
policies 1978 463 919 2691 1142
policy 1580 1977 1417 1476 241
pool 1900 1689 2157 1178 2391
poor 805 2284 56 1833 2123
poorly 2767 1815 365 361 1647
popular 249 2878 2877 906 1756
popularity 1147 982 388 467 1880
population 78 1337 65 1206 1993
populations 1337 1984 256 2372 1918
portable 1914 356 737 170 2151
portal 1847 14 2680 1152 1576
pose 2347 150 760 1199 1312
poses 643 1279 1469 730 1278
position 1992 1488 248 1628 1942
positioning 736 868 248 2152 1696
positions 1990 2820 1691 1719 336
positive 1750 2015 2408 2510 1058
positively 1347 814 1156 1323 2037
possibilities 273 117 363 2767 202
possibility 346 2753 1613 2129 2159
possibly 1371 2159 549 2342 491
post 2006 2731 1930 2472 2051
potentially 1430 2920 1808 397 211
power 566 1769 901 2192 2196
powerful 2847 2690 797 466 2805
practical 327 211 1705 2360 2385
practices 810 2185 2527 2272 2650
practicing 457 412 322 1243 1679
practitioners 2363 2527 2649 2627 996
pre 1998 2649 179 136 1500
precise 702 2331 346 143 1247
precisely 2818 1820 2744 55 342
predefined 1463 2777 2049 2227 2536
predict 2011 2012 2013 2221 22
predicted 2010 2315 2012 2014 2221
predicting 2013 2010 2011 2221 268
prediction 2012 2010 2014 2454 2221
predictions 2011 1413 1452 1693 2013
predictive 1993 1750 2408 2510 1809
preference 2017 1014 2554 1925 1587
preferences 2016 1014 507 2387 1361
preferred 2562 2341 2177 2184 786
preliminary 1426 1892 1295 784 1330
preparation 2021 1900 29 2654 2383
prepared 2020 1017 1965 1178 385
preprocessing 2342 1420 374 2804 2640
prescription 816 1637 1636 1178 1356
presence 1 1890 1769 1058 2316
presentation 2027 217 1580 2806 517
presentations 769 518 218 2843 2363
presenting 2025 1806 1510 1381 1230
preserve 2872 896 2725 1177 2485
preserved 1323 2742 1518 736 1340
preserving 2043 1245 2209 2418 760
pressure 285 866 1956 1704 1957
prevalent 967 1356 2208 2822 2701
prevent 1872 2028 652 2477 2718
prevention 91 2185 2613 359 2186
previous 1029 1749 1722 1788 264
previously 515 1416 2173 1026 1652
primarily 1925 455 668 1318 1994
principal 383 484 760 2612 130
principle 2080 834 1288 544 104
principles 1854 2674 481 1425 2767
prior 937 948 2395 2394 1678
priori 247 916 2299 58 1857
privacy 2385 1502 2091 2030 2384
private 1245 1382 2043 418 1192
probabilistic 1520 247 2393 1604 1926
probabilities 1520 556 947 2045 1842
probability 154 247 1562 855 161
probe 2053 1630 2351 2719 526
procedure 2050 247 2780 2267 357
procedures 2611 2049 2902 742 634
processed 910 891 2337 1998 2818
processes 2652 279 778 60 353
processor 1121 2067 1661 1151 180
produce 2057 1617 1109 2515 937
produced 1041 343 1927 137 1762
produces 430 483 1611 2881 2439
producing 2888 2782 1361 1495 2495
product 1456 593 2263 1747 163
production 1264 312 2610 1851 1596
products 1949 1150 53 802 711
professional 2472 2062 848 1514 1538
professionals 2061 2388 1918 861 241
profile 1283 2064 890 1442 921
profiles 2063 807 1281 1022 2087
profiling 1032 1251 2695 2644 1620
program 2071 848 1264 519 2642
programmable 1121 1151 180 2053 657
programme 1665 1538 636 860 1055
programmed 2473 2806 1931 2910 978
programming 146 2486 2128 1516 1293
programs 2066 849 1377 1076 1538
progress 768 2166 1826 40 2143
projection 2188 2700 2189 1568 1392
projects 1763 649 1591 2606 437
prominent 1601 1745 2741 1482 1345
promise 1254 1671 1831 2417 2425
promising 2528 2723 111 2138 653
promote 61 1192 1119 64 2636
promoting 187 1537 769 598 1800
proof 2039 1671 1465 893 1602
propagation 650 1087 464 2334 1158
proper 2083 1443 2730 471 2919
properly 828 2086 2082 2858 1812
properties 2564 1139 2093 1617 384
property 508 432 208 556 1078
proportion 2134 732 393 2083 1101
proposal 2064 930 826 1828 698
proposes 1768 1767 401 1487 772
proprietary 416 595 1380 1607 2515
prospective 2306 2745 434 2295 2284
protection 30 1502 2043 1934 771
protein 2093 1399 1398 1135 2564
proteins 2092 1139 1399 2564 2419
proteome 2096 2515 2095 1606 2876
proteomic 2096 2094 774 361 1529
proteomics 2094 1606 2095 2515 1721
protocol 2098 2328 2384 409 2442
protocols 2097 2384 2328 2385 219
prototype 596 2756 512 1903 1194
prove 1710 42 788 1991 132
proved 859 254 1754 1941 364
proven 1666 1107 2375 2721 2230
provider 2104 564 257 860 1432
providers 2103 418 2383 2043 2904
provision 2362 964 2878 2814 1334
psycinfo 394 874 2361 2378 56
publication 1639 2108 1454 1455 2305
publications 1648 2107 1639 269 1887
publicly 2096 584 2224 857 527
publishing 1454 2362 2565 2363 1455
pulmonary 39 2296 392 1545 671
pulse 2449 1942 844 2762 832
purposes 333 2154 688 1162 891
put 1118 1354 295 2292 2716
qualitative 1418 2117 1897 2671 1643
quantify 1727 2201 2895 641 889
quantitative 2115 1890 27 1628 285
quantitatively 230 1072 2597 2660 1243
quantum 1440 729 401 1553 1074
queried 2496 97 133 1081 324
querying 2790 2731 2496 1081 307
question 141 144 143 186 1955
questionnaire 476 2286 2614 1897 2284
questionnaires 2636 288 2898 35 257
quick 2352 2361 2504 628 1018
quickly 2206 2523 266 1164 2785
quite 2906 868 1322 2369 1739
r 2070 1876 120 313 2493
radiation 817 1020 248 1568 640
radiologists 349 2131 1879 499 173
radiology 1879 2257 2130 173 1958
raises 507 2043 951 2420 2423
random 514 1073 1604 633 1570
randomized 2744 2745 424 855 2086
randomly 196 1626 1567 2368 748
ranged 2216 1634 2510 2812 1684
ranging 2683 761 483 545 11
rank 2140 1537 2139 956 912
ranked 2140 2704 2739 1273 2596
ranking 2139 2739 2138 2238 809
rapid 1209 2420 1171 69 137
rapidly 968 990 251 1207 807
rare 785 1949 495 2611 513
rarely 605 1010 1511 836 131
rate 1567 2147 1058 1920 1622
rated 2275 1916 1897 431 2284
rates 2145 1922 2518 216 1058
rather 2459 1953 2115 255 2430
ratio 1769 2449 1520 2674 281
ratios 851 2608 430 1630 2449
raw 1960 1986 318 145 851
ray 2914 130 729 752 2311
rdf 2496 712 244 2727 1874
re 2739 658 1172 507 325
reach 988 2373 764 2428 435
reached 1900 1813 167 1611 2023
reaching 1805 1979 1713 2353 1698
reaction 2159 346 72 2455 491
reactions 2158 72 491 346 348
read 2165 2910 1082 380 1644
readable 2915 1570 146 1046 1190
reader 1356 2163 753 1583 1504
readers 2162 845 1192 2758 1643
readily 2377 1842 16 1426 2803
reading 2160 1347 573 415 2346
ready 783 1924 2072 2355 2485
realistic 798 465 1757 822 1726
reality 216 1792 2661 368 1297
reason 816 1637 1659 768 1273
reasonable 868 2021 1672 1383 2042
reasoning 1006 1823 2403 242 2208
reasons 832 1273 1636 816 1637
recall 1041 2329 1593 603 2368
receive 787 1286 2053 2067 621
received 2645 1055 1378 848 2177
receiver 375 2318 645 1825 1582
receiving 980 1379 2175 2755 1916
recently 182 709 1687 2039 2564
recognition 924 1041 1612 603 1775
recognize 1568 1080 307 1676 1392
recognized 582 588 618 2839 563
recognizing 1637 821 916 1775 1273
recommend 2185 2284 1901 73 1787
recommendation 1103 2749 315 2018 1212
recommendations 1216 2183 2034 2003 1853
recommended 1415 534 2034 2185 1464
reconstruct 2189 2440 244 1256 2500
reconstructed 2189 2190 2073 2700 1942
reconstruction 2188 2190 2277 2073 2187
reconstructions 2189 2188 10 1942 2700
recorded 2192 1256 193 537 2134
recording 1256 2193 2450 2191 330
recordings 2192 851 1833 615 530
recover 679 1805 871 1767 2195
recovery 679 1485 1621 2194 1628
reduce 2200 2905 2000 2518 2732
reduced 462 2200 2213 592 1202
reduces 357 2073 1869 1485 2200
reducing 2905 559 872 2881 2198
reduction 2196 760 71 1559 852
redundancy 2202 210 804 2637 2116
redundant 2201 1276 975 967 2568
referenced 1931 349 298 170 90
references 1216 641 2308 1639 1737
referred 82 268 161 1979 1611
refine 961 2126 2623 2724 1401
refined 272 2724 2824 1289 1316
reflect 1436 1649 1426 306 2032
reflected 190 306 898 2030 885
regard 504 1646 2428 1561 1551
regarded 115 2635 1754 1924 1936
regarding 2534 2766 781 870 2795
region 2215 2319 1247 1158 1582
regional 1435 386 1740 1812 1977
regions 2213 2399 294 1227 757
register 424 2306 2136 118 872
registered 491 1367 1470 1942 590
registration 678 294 207 2394 128
registries 2220 1790 1532 2292 2350
registry 2219 2610 2216 859 1532
regression 1555 2010 2817 645 1528
regular 1023 1929 1036 145 1697
regularization 593 2499 2251 2547 341
regulation 2718 1166 2226 1602 2315
regulations 1502 1067 1245 481 755
regulatory 1166 2224 2718 1167 1912
rehabilitation 1937 158 102 13 1150
relating 2671 1205 2625 2754 2467
relation 2231 924 514 1273 2368
relational 928 783 1932 600 1207
relations 2229 1823 2412 923 603
relationship 1185 327 2233 2231 1412
relationships 1166 1022 775 1194 2231
relative 2 2526 693 1681 1891
relatively 1551 2353 2143 2245 2689
release 2237 466 351 66 296
released 2236 1516 1877 821 134
relevance 2140 1069 2139 2122 349
reliability 2240 2897 151 74 2575
reliable 2239 2897 1768 2409 2385
reliably 1095 2889 1541 1540 2669
relies 1466 2893 2560 1120 907
rely 959 727 1304 178 960
relying 1300 1950 2579 270 223
remain 756 15 55 2235 838
remained 218 2154 410 1480 2773
remaining 1863 2288 2487 517 2111
remains 1484 423 411 2735 577
remote 2129 418 2426 1175 721
removal 1032 2251 2030 2667 2083
removed 1448 2250 1312 1356 2223
removing 728 2014 1395 2562 183
rendering 1196 2448 409 432 1564
repeated 2818 2879 783 2754 1045
replace 1258 1778 1895 2763 645
reporting 2613 2257 2336 2378 1417
reports 2131 2256 569 2627 134
repositories 2096 2259 2506 642 792
repository 2258 673 276 136 629
represent 2403 2642 2765 2052 640
representations 1106 1399 2723 557 1823
representative 2397 205 1217 1144 94
represented 2403 2058 675 2402 2419
representing 1764 1643 1899 480 716
represents 1660 215 2093 18 2496
reproducibility 2267 319 2655 100 2749
reproducible 2266 1062 100 2415 20
request 2269 915 2670 2898 210
requests 2268 1607 2299 1103 915
require 2757 1434 812 2141 1506
requirement 1573 1354 1723 912 1420
requirements 2385 2043 800 1502 480
requiring 1002 1207 1414 2566 113
researcher 2784 1028 648 2604 919
residents 2649 2146 79 849 2341
resistance 1667 1432 2618 1341 2654
resolution 2498 2189 2700 2280 1720
resolve 2488 68 1361 2922 15
resolved 2866 29 115 2618 2278
resonance 1572 1720 1719 1227 2628
respect 823 2262 1654 637 566
respective 2924 746 2676 1353 1736
respond 1560 352 33 470 596
respondents 2614 2286 2615 2388 1394
response 2286 399 2284 2145 490
responses 2284 2285 2123 1955 2387
responsible 1844 824 567 1111 2820
restoration 2830 747 2497 1961 2488
restricted 494 1563 2889 414 2676
resulted 2370 1511 1898 2275 833
resulting 28 1149 1769 2248 2366
retain 1462 1932 1532 2114 2219
retrieve 2294 856 1326 1324 1639
retrieving 2293 1639 1082 1079 2664
retrospective 1900 859 2090 2103 1103
retrospectively 2355 2111 2190 2307 2510
return 1435 721 821 845 898
returned 289 260 1799 1870 2146
returns 2504 2269 2042 1870 1008
reusable 1028 1588 120 2477 86
reuse 1409 2663 2661 2662 2839
reveal 1657 1561 402 1895 2052
revealed 2315 1430 2887 2918 429
reveals 1403 2481 1646 463 612
reviewed 1917 2107 1455 2745 434
reviewers 872 2216 2745 424 2373
reviewing 2519 80 1346 2296 1282
reviews 424 1309 517 1652 1656
revision 663 1274 1265 1637 1634
rich 2402 1352 137 199 1633
right 1501 2864 362 1227 229
rigorous 2906 56 100 142 185
risk 1053 748 2469 741 1052
risks 872 1019 2568 338 411
rna 1952 2011 1780 2321 2454
robust 2317 2449 1713 1769 2024
robustness 2316 2464 1176 271 2218
roc 646 2176 645 1555 375
roi 2864 2213 229 1227 2660
role 1973 1972 803 2061 211
roles 1972 2315 1861 2224 2367
room 2654 2618 240 1667 1338
root 2524 455 664 552 1010
rotation 1427 1420 887 212 2547
routine 1178 970 2638 810 2534
routinely 1800 1233 1901 934 2096
routines 2519 1263 1670 2485 2512
routing 1878 1910 1768 2098 1907
rule 2330 1273 1636 1041 768
rules 2329 1273 1041 1036 514
run 2557 805 1226 2007 2899
running 2346 498 1084 1353 2454
runs 2739 2475 2710 575 1486
runtime 198 2670 1605 1028 2081
safe 170 1590 860 2485 913
safety 72 959 346 2256 500
salient 1441 1526 2857 2671 1280
sample 2339 2470 2134 325 1860
samples 2420 2338 807 928 2064
sampling 1942 945 1829 2112 2188
satisfaction 196 2134 2275 2018 1626
satisfactory 293 612 832 1655 2022
satisfy 818 1872 2328 2251 1011
save 1745 1487 786 2851 925
saved 2843 2519 1489 2322 2369
saving 2621 2332 2269 721 983
scalability 1092 1988 312 370 1203
scalable 114 1223 1195 418 1889
scales 1869 2500 535 527 2724
scaling 2792 1723 2219 2804 392
scan 2355 2762 2859 2353 180
scanned 446 230 381 2125 745
scanner 1681 2351 27 2520 2628
scanning 2475 2190 2188 1908 1942
scans 2700 640 2296 2351 499
scattered 1534 1678 2638 1387 2082
scenario 2358 1144 702 470 2516
scenarios 2357 75 2602 1065 2705
schema 521 2594 1174 982 146
schemes 1649 219 2384 2897 895
scholar 1189 2106 394 56 874
scholarly 2110 220 935 1192 2105
school 2566 116 2005 414 2775
science 2366 1517 2365 1455 2731
sciences 1517 1378 2364 2566 1514
scientists 2364 279 1517 1033 1519
scope 2768 1014 2321 303 15
score 1041 2371 2173 2370 2139
scored 2371 100 1464 2345 2916
scores 2368 196 2371 2704 2290
scoring 2368 273 802 319 2369
screen 2374 1441 2373 922 1071
screened 1941 2306 2374 2155 1309
screening 490 2373 189 489 2372
se 2880 2432 2520 231 104
seamless 1824 719 19 79 293
searchable 616 2558 299 2164 2598
searched 424 874 1309 2106 1639
secondary 1057 2337 2383 2154 2287
section 2412 1249 2130 971 2382
sectional 637 2491 849 1363 1800
sections 1738 1480 2380 2629 2387
sector 217 2053 2067 1121 1151
secure 2385 219 2043 2098 1905
security 2043 2384 219 1502 900
see 2481 1075 512 205 1005
seek 2388 1342 257 2017 613
seeking 258 257 564 2284 2387
seeks 72 1234 959 2644 1313
seem 118 158 872 2627 2216
seems 1979 1254 2322 1315 1526
seen 2795 2700 2371 513 2050
segment 2394 291 2045 1709 2396
segmentation 2395 2393 2863 1392 2218
segmented 2394 1797 1419 1961 1942
segments 2393 502 2866 1155 1228
select 2399 2262 1197 2158 2197
selecting 635 2399 1011 2371 2826
selection 2215 2397 2780 159 2398
selective 832 2439 2112 1545 281
self 1897 1815 1069 2472 848
semantically 2443 2310 1409 2153 594
semantics 1874 1823 1623 1106 1409
semi 1418 1592 2231 2602 2115
sense 115 794 897 509 390
sensing 492 1011 2409 2500 2190
sensitive 2408 1082 1188 1639 1129
sensitivity 2510 1082 1079 1639 2407
sensor 2410 2897 1768 1767 566
sensors 2409 2897 738 2450 566
sent 697 1323 2129 1020 1214
sentence 2413 603 2622 2231 1893
sentences 2412 5 603 2368 2596
separate 900 2385 386 658 1281
separated 2482 830 2267 1618 2526
separately 2523 2633 1067 1666 1350
separating 1042 1635 2602 1714 2520
separation 139 1114 2421 2439 2030
sequences 2093 1169 807 2092 2836
sequencing 1762 1169 1171 807 2690
sequential 1604 633 2418 514 1662
series 1292 2128 1385 2775 857
serious 143 2065 2132 2533 1340
serve 13 1360 356 571 1332
served 2880 1254 1850 25 934
server 409 2427 820 2249 2384
servers 2426 612 282 1353 1781
serves 2867 2784 2210 2386 1988
sessions 1378 2649 1556 1896 2645
setting 755 1100 2527 1259 2148
settings 1148 927 2650 917 1260
setup 851 2375 2441 29 2733
seven 1656 1283 214 739 2379
shape 2436 678 1087 2435 1836
shaped 796 29 1158 2436 1505
shapes 2434 1247 678 846 2494
share 437 2480 436 2438 840
shared 1068 959 2437 507 358
shift 2440 2400 1698 1772 1834
shifting 2439 2187 1086 752 933
shifts 2432 35 258 2119 312
short 1920 1557 1324 2097 427
shortcomings 125 2402 2512 2856 298
shorter 324 2616 837 2451 57
showed 193 1897 2665 1572 2801
showing 209 421 1426 1183 1344
shown 2041 1000 1364 294 1624
side 409 2253 187 1174 1488
signal 2450 1769 2149 844 2732
signals 2449 2192 1769 851 2410
signature 2444 876 2748 2914 219
significance 277 502 2764 2541 25
signs 2858 1754 2619 889 1645
silico 273 1602 2315 1960 2224
similarities 1885 2456 2158 1884 417
similarity 795 1194 182 2455 1884
similarly 1541 545 2712 449 688
simplified 881 339 1751 1747 1777
simply 2148 2821 1394 668 1371
simulated 2073 248 2461 934 2634
simulation 2462 496 1944 902 1768
simulations 1782 2461 1889 237 1942
simultaneous 183 2112 1720 822 1966
simultaneously 2317 527 2803 10 2194
site 2466 2878 2877 2185 1754
sites 2878 2465 2877 2916 73
situation 627 359 1867 122 2228
situations 96 754 1056 1645 1918
six 2378 424 1639 874 2313
size 2338 2862 331 28 2128
sizes 898 503 1204 1138 540
skills 1538 2566 2649 2645 1055
skin 324 445 2069 2129 1020
slice 1719 229 1966 2864 2395
slide 2333 2354 952 1909 63
smaller 114 701 1683 2189 312
smart 2300 1205 2845 1903 2033
smooth 305 1516 2581 307 2359
snomed 640 2663 1792 2662 1274
social 1633 1754 2437 1978 2364
society 518 2386 2304 1643 1761
soft 1829 2415 2500 2693 1427
solely 383 2091 734 1375 970
solutions 2605 1632 2270 2264 2589
solve 2327 1673 496 2028 2166
solved 1184 2070 2709 2206 2251
solves 1675 407 2247 1772 1176
solving 593 2278 1116 1907 1894
sometimes 1461 2625 2143 1044 930
sophisticated 535 202 199 1738 2826
sought 859 2615 2381 2363 2589
sound 529 411 87 293 432
sourceforge 1753 1451 1369 2531 1876
spaces 678 2436 52 953 1247
spanish 324 513 907 1268 1975
sparql 2153 1874 2120 244 2727
sparse 747 2830 2288 588 1904
spatial 2277 2657 2406 2500 592
spatially 2659 2223 1523 43 1114
spatiotemporal 125 2187 2482 492 2406
speaking 1127 1901 322 907 2645
special 1116 408 1522 2039 2040
specialist 1512 1511 623 1055 2763
specialists 579 2299 390 141 186
specialized 1321 1544 1051 778 1853
species 1970 1166 466 1022 1169
specifically 2717 74 261 2308 2803
specification 1410 1106 2509 1006 1252
specifications 1106 1252 2508 2914 673
specificity 2408 1082 1079 1188 874
specified 1211 274 1316 2256 1768
specify 1829 2327 2443 457 2500
spectra 2515 1606 1919 2641 1721
spectral 1698 1834 2513 2449 444
spectrometry 1606 2513 1721 2094 1440
spectrum 1698 1769 1000 1129 2719
speech 2633 292 553 1431 2412
speed 1063 1735 497 2196 2147
spent 2327 2307 1263 1346 2905
spin 844 1193 2728 2882 2859
split 239 1059 1176 1279 100
spread 1698 2849 1336 2188 843
sql 145 2538 982 621 1054
square 2323 1961 2818 936 165
stability 2910 667 1299 534 978
stable 2234 2826 1448 2415 530
staff 1643 218 972 1786 2005
stage 2529 837 2045 475 551
stages 2528 805 405 31 2717
stakeholders 1580 80 1245 1361 1382
stand 107 2493 1647 1775 2176
standardization 943 410 1235 1306 2168
standardize 256 60 2423 2534 1316
standardized 2325 2212 2533 629 927
start 1014 548 658 1700 2172
started 1150 2729 2599 2009 2537
starting 988 224 1210 659 580
statements 295 2523 1252 2413 576
states 2773 322 619 324 2350
static 833 635 1837 1121 2871
statistically 277 149 1567 610 748
statistics 946 2394 107 1468 2600
status 1924 2768 1969 688 1558
step 1570 2829 692 2707 1762
steps 2902 1762 1658 475 1928
still 722 94 2196 1444 1722
stochastic 1193 1427 2223 2324 2395
store 2420 1584 1762 745 438
stored 1108 745 2915 1077 1076
stores 628 2632 1220 1278 1
storing 1077 1285 2549 2607 745
straightforward 1663 1546 1853 1714 2718
stream 2554 1878 205 2733 879
streams 2553 1878 2016 206 2702
strength 511 256 1752 2440 2752
strengths 2875 1524 299 1738 1928
string 2558 495 2331 1168 1677
strings 2557 1893 2377 275 893
stroke 362 39 1120 1800 667
strong 2874 2242 598 2746 2419
stronger 365 618 417 1480 2773
strongly 2018 609 1284 2741 607
structural 2564 2092 2093 1135 1047
structures 2563 2092 2093 2084 128
student 2566 2649 470 842 212
students 2472 2565 2649 1055 1378
studied 1185 618 508 193 1720
studying 337 967 2278 2314 2691
style 684 1952 456 594 1091
sub 845 2014 2371 884 2556
subject 1226 1648 1639 2573 2900
subjective 1645 1921 61 958 2783
subjects 1720 2571 337 78 1227
submission 404 1369 1780 2712 1119
submitted 2239 2886 404 494 1152
subsequent 2390 865 618 925 1212
subsequently 2519 25 2170 570 937
subset 819 2557 2156 2386 5
subsets 430 97 2753 2244 2881
substantial 211 213 2309 1394 112
substantially 2478 2429 1341 2824 2829
success 722 781 1476 1962 2583
successful 2582 1966 1976 2383 64
successfully 1076 2833 2325 330 1077
suffer 1932 1821 770 1929 2242
sufficient 1334 2799 1263 6 2532
sufficiently 1410 513 2347 55 487
suggest 255 2270 1324 2614 906
suggested 144 2491 1547 873 2344
suggesting 2872 639 2696 212 2736
suggests 859 2688 2887 1429 993
suitable 754 327 2264 1476 341
suite 1474 1818 2751 381 1763
suited 2359 105 1583 1590 1974
sum 362 1251 2882 1428 1797
summaries 768 1273 1636 2651 1041
summarization 1295 1743 2118 1168 2413
summarize 765 2377 695 735 1580
summarized 176 518 2536 111 240
summary 768 1493 1880 3 2542
superior 1805 156 592 2602 461
supervised 2780 404 1570 2368 2417
supplementary 2760 276 787 977 2680
supplied 2274 1730 344 579 1201
supported 2258 2606 827 2484 328
supporting 2074 1352 2607 632 2652
supports 1847 2551 2606 2384 2913
suppression 324 2871 2150 1895 1750
surface 1834 1483 2277 1051 1545
surgery 2611 2220 1178 1882 920
surgical 2610 2050 920 1217 2143
surrounding 893 2038 765 2405 1456
surveillance 2256 2743 2034 2774 1286
survey 2284 2566 848 2123 2615
surveys 257 2284 212 1901 1378
survival 706 2751 2306 2444 2373
svm 2829 403 633 1322 1570
switching 2322 1667 956 1630 1635
symptoms 2453 66 1882 57 1822
syndrome 424 347 1653 897 405
synonyms 2680 2763 1251 2346 652
syntactic 1511 2412 1512 1530 1662
syntax 2915 2206 2070 1451 2603
synthesis 2106 2306 374 1613 1638
synthesize 13 845 872 2697 1306
synthetic 1885 1258 1235 1837 2660
systematically 2390 1069 1764 1809 2257
t 1720 2280 1572 1719 2353
table 2630 1560 761 1467 573
tables 2629 1075 1300 214 1493
tackle 97 1336 1315 103 2045
tag 2633 2634 647 1381 2377
tagging 2632 2517 647 1042 2686
tags 2632 462 933 47 2473
tailored 934 2211 1653 1649 2387
taiwan 1740 1394 2124 1555 1523
take 21 70 2201 1069 2238
taken 21 1294 2325 1499 2356
takes 21 1731 2436 929 660
taking 539 21 70 196 1101
tandem 2513 2515 1606 1919 1721
target 490 829 2644 2093 2676
targeted 2596 768 1656 1531 408
targets 829 490 1702 489 1122
taught 1378 2472 1055 2649 470
taxonomic 2647 1952 928 341 966
taxonomy 2646 1745 2493 1647 2506
tb 510 913 2570 344 971
teaching 2472 2566 2565 2645 1378
team 2651 2530 1860 436 1643
teams 2650 768 1273 2596 1636
technical 1502 2052 2606 632 226
technological 69 943 119 2085 2738
temperature 2322 1667 639 2618 1338
template 2656 2266 2787 1694 207
templates 167 1442 2655 1252 2479
temporal 514 1273 960 959 2498
ten 1887 2355 640 749 220
tend 2499 926 2846 1770 555
tensor 757 147 1072 2889 429
terminological 280 2662 1598 1822 905
terminologies 2663 2661 1598 2479 1274
terminology 2662 2479 625 2661 1596
tested 2665 2717 2408 2294 1082
testing 2664 2445 2812 1606 1272
tests 2370 742 2135 1355 1527
texts 603 602 2173 1041 2412
textual 603 923 1592 713 2839
texture 349 1703 291 2241 799
thanks 2334 1704 1460 1489 1718
themes 2228 1645 877 2115 1150
themselves 2877 2755 790 1843 1539
theoretic 743 1204 1731 926 2748
theoretical 2149 2152 2675 1629 2040
theory 183 2674 1373 2673 667
therapeutic 829 490 2644 384 72
therapies 2678 1348 1483 1793 874
therapy 1800 2677 2129 2750 837
thereby 1525 462 1048 1412 565
thesaurus 1226 2729 1765 715 2621
thickness 2866 430 492 615 1465
third 1905 1273 768 2596 2907
thirty 118 424 1127 1441 1901
thorough 951 131 1929 707 1213
though 988 1945 783 1155 2912
thousand 1268 190 2633 490 326
thousands 1269 189 966 2142 307
threshold 11 2591 0 646 736
throughout 1356 2235 531 903 2032
throughput 2420 276 1762 1126 807
timely 787 1175 1341 1977 1932
times 1064 2351 1063 1200 1558
timing 2482 1757 1915 2814 895
tissue 2695 1908 2750 1568 1774
tissues 1602 2694 1715 2750 2224
title 3 1765 1074 1075 1880
titles 5 397 1226 2625 2696
today 658 2835 2902 1209 1839
together 1437 601 551 1137 1519
tomography 499 640 2188 2355 2073
too 548 1245 1722 518 1872
took 1418 2554 1056 1806 1055
toolkit 301 1030 1905 597 1974
top 2139 1034 1241 2370 1536
topic 2706 1486 175 781 2238
topics 2705 300 2370 1486 2671
toward 212 1947 2544 1118 1716
towards 2456 858 1921 159 1216
trace 2876 635 97 2486 2818
track 2739 2711 2333 187 627
tracking 2710 321 1713 2850 2409
trade 1807 554 2457 984 2574
traditional 2476 2840 1234 853 775
traditionally 509 982 1635 1378 2009
traffic 1878 238 1012 566 1650
train 2520 1655 29 85 2193
trained 404 2829 1041 1571 1570
transcription 273 2224 1052 2855 1840
transducer 1661 2762 657 2053 1095
transfer 745 492 2732 2449 2385
transferred 1585 1917 2102 252 1986
transform 1427 377 234 1422 1428
transformation 2727 1427 1198 1028 1442
transformations 2207 2206 2835 374 966
transformed 284 1453 760 2028 896
transforming 1204 167 890 2748 1893
transforms 2723 2496 2153 2030 1772
transition 2520 2695 488 1572 993
translated 2680 1127 2536 1598 1648
translation 1130 1580 2082 2859 1082
translational 252 1349 1068 2121 775
transmission 1698 371 1834 2449 2734
transmit 2719 1685 1841 1878 2618
transmitted 2732 1611 1532 371 1277
transparent 952 983 1447 2267 382
transport 1608 1491 83 281 867
treated 20 505 1110 1709 2393
treatments 1117 150 1318 2619 2172
trec 2333 1172 2140 2710 243
tree 2741 1952 2835 1767 100
trees 2740 1952 100 1300 966
trend 576 1484 2029 2636 1555
trends 2613 2304 311 2480 2511
trial 2134 2745 424 1820 1860
trials 2134 2744 424 2306 634
true 1338 1884 1883 1356 1122
trust 30 2848 1382 883 505
truth 1204 1866 1497 234 593
try 2184 93 148 2266 2079
tumor 2751 1568 2695 934 1969
tumors 1582 2750 1818 2616 611
tuned 1354 2555 2635 1700 19
turn 1771 826 1019 819 97
twelve 1706 2254 1526 2275 2671
twenty 1764 2672 2177 2205 2907
typical 2786 2099 1696 886 2881
typically 2270 2271 1266 1457 510
u 1192 1815 81 1190 2163
ubiquitous 251 930 1290 455 879
uk 6 2603 15 625 1918
ultimately 598 47 930 1724 2808
ultrasound 2719 2067 1121 1151 1942
umls 2770 1655 1511 2621 1893
uncertainty 616 87 617 57 946
underlying 279 2260 1701 1166 2564
understand 1918 2212 256 754 1556
understood 1981 2018 1995 2040 1748
undertaken 2367 217 1580 1656 1236
unfortunately 1111 1045 1265 1763 1192
unified 2763 2403 601 632 2661
uniform 2881 2876 2681 1322 934
unit 1393 2774 1289 1098 801
united 2539 322 217 620 619
units 1393 2613 2772 1705 2527
university 2566 354 2365 2472 2363
unknown 1372 348 1815 1803 2237
unlike 46 2009 2187 2345 719
unnecessary 1674 481 341 1289 951
unstructured 1766 1699 1700 2172 1035
unsupervised 2602 420 692 509 2187
until 1600 1779 897 19 150
update 1322 2784 2057 1212 2783
updated 100 2784 1059 1536 2782
updates 2274 2782 2783 212 1005
updating 646 1369 2266 2126 1516
upon 2756 2534 310 2233 1554
upper 290 8 1565 736 1792
uptake 2832 228 218 1418 2086
urgent 464 2658 96 113 911
url 1847 2121 447 1940 2916
us 1067 1753 369 2468 104
usa 322 2350 161 1754 2219
usability 2794 905 2016 2633 66
usable 1174 1426 2793 931 1278
usage 2392 1552 1955 983 2212
usb 527 826 1937 1540 1727
usefulness 1921 1599 1607 1025 2078
usual 2831 2905 776 2924 2818
usually 2826 1057 1166 2586 401
utility 775 2690 1620 1701 2065
utilization 1363 2654 2851 2445 1259
utilize 707 1162 1802 2801 664
utilized 2805 2464 989 2809 2164
utilizes 1491 2334 2350 2523 2022
utilizing 2803 351 2821 760 2001
v 1285 1284 2069 1580 657
va 1732 138 1273 1647 372
valid 392 2636 478 1178 2809
validate 2811 2808 2810 2136 708
validated 2811 2809 709 2408 1789
validation 637 2408 2809 2810 1099
validity 2136 1610 2665 2308 267
valuable 1135 437 938 1778 1581
valued 1925 2693 1901 792 258
variability 1797 128 1419 2395 1395
variable 29 2817 1727 802 1617
variables 688 2221 1727 2816 257
variance 2254 2524 1890 2709 2798
variant 2820 599 1170 2856 114
variants 2819 1173 1948 1168 1730
variation 1503 1730 1797 1729 1780
variations 128 1948 971 2821 492
varied 1634 2106 946 424 2878
varies 544 2207 1940 777 1794
variety 70 813 1535 1237 1013
vary 2799 1062 1052 702 2526
varying 1420 1114 2149 521 1392
vast 119 1817 1579 822 291
vector 2617 1571 1570 404 403
vectors 2497 2829 163 2288 419
vendor 2832 1468 2798 2905 967
vendors 2831 2788 630 1812 1688
verified 1072 2633 846 1751 2584
verify 1950 1428 1447 591 2787
versatile 1952 1300 2870 1295 2740
version 2837 841 2419 1847 1195
versions 2836 2362 1952 278 1091
versus 478 2413 2228 516 2812
viable 495 114 2412 2668 1323
video 2841 1713 1123 444 321
videos 2840 1123 149 493 1204
view 2846 754 1249 1690 2844
viewed 2345 2845 2844 2026 2840
viewer 305 1426 2843 790 1516
viewing 173 2843 1879 305 956
views 1013 1081 1493 2842 444
virtual 2129 418 2001 1950 551
visibility 2188 2747 1472 1181 1712
visible 317 2890 2253 545 2522
vision 1204 321 2711 692 349
visit 2852 925 1159 1712 2344
visits 2851 1382 1818 2865 1263
visualizations 791 1239 2856 125 1013
visualize 1669 789 2065 1016 457
visualized 1413 2718 2856 2224 2253
visualizing 599 2853 2819 2855 1467
visually 1704 89 883 2597 1368
vital 2453 770 2083 494 426
vivo 844 1942 29 2762 1719
vocabularies 2662 2861 1823 2663 991
vocabulary 2860 198 347 2900 2915
volume 1481 2470 2498 2700 2694
volumes 1797 2394 2395 1266 128
volunteers 1227 229 2319 1501 2311
vs 1567 2501 1414 2852 2134
wall 1713 788 2681 1227 1681
want 579 1814 2428 1351 2386
warehouse 1273 1588 1974 2869 2731
warehouses 2868 621 2523 871 1297
warehousing 1816 2835 1028 1141 252
water 2608 1611 285 523 1618
wavelength 639 1256 881 1078 1405
ways 779 815 2698 1134 40
weak 1192 2560 2091 2570 1371
weaknesses 2556 1116 299 721 2911
wealth 2094 2709 627 2771 507
website 2878 2672 2466 2913 1643
websites 2877 2466 2916 906 2465
week 2880 1706 1806 2254 1286
weeks 2879 1360 2375 1600 2425
weight 2771 234 430 1020 2681
weighted 757 2520 844 1193 2280
weighting 2884 777 58 234 1017
weights 2883 846 753 2327 2882
what 2614 1857 369 407 1666
whereas 2575 1906 610 2510 1567
whether 731 1567 751 2173 2308
whilst 2057 76 627 681 1345
white 1618 757 2660 1719 1072
whole 1904 2849 624 1489 2420
whose 556 557 597 2488 1044
why 1004 554 2901 2172 920
wider 1657 2367 554 2327 2242
widespread 64 793 623 2114 2043
window 2739 243 1714 2413 1111
windows 2905 1665 319 1540 721
wireless 2409 1768 1767 2732 2410
women 2124 2683 389 1645 1806
word 2900 234 2412 1714 2881
words 2899 234 1226 1639 1648
worked 79 218 1764 2892 2527
workflow 2903 1879 2050 2545 2690
workflows 2902 1203 276 983 42
working 477 2104 515 2836 2509
workload 222 2798 2831 2896 872
works 2127 47 2455 1029 1272
workshop 842 2649 1899 470 1273
world 619 907 1849 224 7
worldwide 2286 1184 2768 849 682
write 2160 2069 2618 2912 2525
writing 2377 2875 1055 1840 2057
written 2910 859 1122 1263 2160
www 1847 1126 447 2092 6
x 2152 1782 248 752 817
xml 1605 1028 1108 2161 979
yahoo 1189 906 626 2878 324
year 2566 1920 7 2472 2649
yet 722 437 1386 1109 1728
yield 1117 746 2920 802 1238
yielded 1732 1547 2377 728 478
yields 29 1299 1782 1907 1546
you 2923 618 1898 114 1880
your 2922 142 185 68 1181
zero 2798 2681 2282 1156 2818